0 146
1 754
2 776
3 653
4 133
5 774
6 243
7 959
8 1086
9 481
10 216
11 597
12 1023
13 535
14 1106
15 114
16 663
17 837
18 183
19 155
20 759
21 1062
22 373
23 33
24 237
25 465
26 25
27 1067
28 920
29 626
30 170
31 581
32 23
33 998
34 1025
35 1116
36 675
37 385
38 67
39 436
40 844
41 22
42 91
43 901
44 108
45 226
46 438
47 879
48 569
49 873
50 309
51 817
52 14
53 169
54 1102
55 910
56 509
57 1089
58 79
59 562
60 863
61 345
62 541
63 307
64 455
65 555
66 494
67 358
68 948
69 921
70 1075
71 427
72 131
73 916
74 109
75 811
76 930
77 765
78 318
79 486
80 206
81 1050
82 1039
83 121
84 409
85 312
86 310
87 15
88 34
89 432
90 415
91 667
92 285
93 609
94 510
95 937
96 120
97 640
98 905
99 697
100 383
101 185
102 50
103 623
104 1061
105 218
106 900
107 934
108 887
109 991
110 996
111 892
112 221
113 688
114 645
115 352
116 103
117 783
118 787
119 736
120 289
121 106
122 762
123 406
124 1131
125 757
126 229
127 549
128 925
129 624
130 680
131 933
132 644
133 279
134 660
135 610
136 823
137 262
138 589
139 641
140 695
141 775
142 962
143 105
144 1060
145 234
146 767
147 469
148 71
149 78
150 1128
151 387
152 456
153 915
154 198
155 491
156 487
157 632
158 796
159 382
160 1074
161 398
162 683
163 552
164 113
165 503
166 1098
167 604
168 1053
169 437
170 1049
171 199
172 1066
173 21
174 564
175 520
176 889
177 773
178 800
179 315
180 323
181 1036
182 247
183 966
184 593
185 803
186 992
187 283
188 650
189 302
190 794
191 931
192 772
193 585
194 1070
195 1078
196 337
197 518
198 938
199 1118
200 281
201 967
202 197
203 952
204 291
205 1099
206 842
207 928
208 138
209 568
210 737
211 711
212 904
213 417
214 490
215 1084
216 635
217 458
218 142
219 576
220 407
221 947
222 1079
223 153
224 1014
225 431
226 550
227 119
228 63
229 336
230 1051
231 651
232 1094
233 983
234 60
235 47
236 979
237 1056
238 1009
239 154
240 48
241 782
242 44
243 804
244 652
245 799
246 588
247 320
248 334
249 975
250 418
251 84
252 519
253 877
254 478
255 460
256 819
257 393
258 797
259 657
260 1059
261 207
262 607
263 175
264 866
265 906
266 914
267 592
268 115
269 499
270 841
271 45
272 825
273 80
274 362
275 4
276 606
277 860
278 749
279 333
280 256
281 579
282 885
283 740
284 56
285 101
286 1108
287 1088
288 122
289 1032
290 964
291 709
292 891
293 1112
294 943
295 963
296 187
297 194
298 717
299 730
300 665
301 766
302 832
303 617
304 396
305 449
306 492
307 869
308 703
309 674
310 768
311 600
312 448
313 270
314 204
315 1021
316 230
317 856
318 339
319 865
320 1126
321 304
322 7
323 252
324 628
325 529
326 981
327 727
328 82
329 40
330 428
331 704
332 918
333 1095
334 364
335 348
336 87
337 857
338 633
339 748
340 690
341 1027
342 965
343 561
344 1016
345 210
346 926
347 778
348 781
349 11
350 563
351 1015
352 1013
353 489
354 713
355 848
356 960
357 250
358 184
359 227
360 673
361 150
362 16
363 853
364 389
365 878
366 512
367 884
368 136
369 404
370 1111
371 591
372 19
373 993
374 350
375 862
376 300
377 954
378 77
379 495
380 248
381 946
382 191
383 402
384 586
385 280
386 233
387 174
388 899
389 327
390 1055
391 466
392 612
393 780
394 701
395 836
396 298
397 574
398 818
399 452
400 733
401 587
402 890
403 1058
404 1125
405 473
406 515
407 935
408 955
409 493
410 738
411 70
412 692
413 687
414 29
415 10
416 188
417 951
418 615
419 505
420 777
421 1114
422 97
423 864
424 202
425 244
426 685
427 164
428 287
429 219
430 1068
431 32
432 1017
433 893
434 1115
435 1030
436 127
437 744
438 482
439 480
440 303
441 245
442 638
443 249
444 672
445 38
446 162
447 86
448 272
449 381
450 719
451 988
452 548
453 936
454 484
455 1029
456 0
457 414
458 200
459 267
460 442
461 335
462 263
463 1020
464 611
465 372
466 324
467 621
468 388
469 357
470 812
471 521
472 297
473 694
474 1093
475 810
476 268
477 392
478 537
479 1077
480 838
481 682
482 843
483 126
484 64
485 790
486 222
487 753
488 909
489 1117
490 325
491 306
492 434
493 1057
494 317
495 565
496 691
497 861
498 726
499 978
500 760
501 868
502 570
503 89
504 881
505 718
506 240
507 242
508 1113
509 1037
510 724
511 476
512 1033
513 151
514 224
515 107
516 763
517 1031
518 658
519 647
520 596
521 894
522 987
523 479
524 498
525 365
526 710
527 664
528 321
529 530
530 254
531 85
532 821
533 241
534 27
535 528
536 771
537 896
538 1
539 301
540 265
541 700
542 416
543 42
544 556
545 444
546 353
547 1087
548 989
549 123
550 923
551 558
552 671
553 426
554 789
555 26
556 554
557 412
558 269
559 238
560 363
561 625
562 956
563 973
564 1076
565 425
566 666
567 875
568 756
569 1085
570 394
571 421
572 898
573 111
574 83
575 1069
576 559
577 157
578 368
579 271
580 93
581 729
582 331
583 1083
584 880
585 1101
586 9
587 888
588 156
589 5
590 770
591 468
592 413
593 784
594 195
595 668
596 969
597 808
598 897
599 705
600 137
601 986
602 1127
603 1046
604 525
605 176
606 411
607 341
608 761
609 326
610 384
611 95
612 313
613 399
614 798
615 608
616 17
617 351
618 167
619 714
620 128
621 696
622 977
623 598
624 872
625 255
626 1103
627 886
628 845
629 73
630 286
631 507
632 1005
633 12
634 1022
635 338
636 65
637 251
638 380
639 1120
640 646
641 186
642 344
643 743
644 553
645 132
646 1090
647 871
648 506
649 741
650 599
651 831
652 716
653 511
654 566
655 698
656 2
657 165
658 284
659 52
660 648
661 822
662 220
663 927
664 61
665 59
666 340
667 792
668 274
669 824
670 1043
671 582
672 907
673 932
674 655
675 90
676 30
677 96
678 995
679 545
680 209
681 408
682 693
683 513
684 676
685 527
686 447
687 544
688 526
689 143
690 98
691 239
692 669
693 968
694 950
695 461
696 497
697 840
698 517
699 401
700 1004
701 806
702 213
703 815
704 1038
705 649
706 205
707 378
708 622
709 656
710 629
711 1002
712 203
713 720
714 386
715 81
716 1001
717 472
718 13
719 276
720 601
721 793
722 485
723 168
724 976
725 637
726 1119
727 39
728 140
729 970
730 343
731 36
732 464
733 940
734 603
735 149
736 475
737 577
738 524
739 160
740 232
741 957
742 439
743 1110
744 618
745 1011
746 275
747 1040
748 1028
749 299
750 62
751 816
752 1042
753 654
754 1121
755 731
756 330
757 182
758 715
759 1048
760 370
761 539
762 1054
763 328
764 236
765 144
766 643
767 953
768 35
769 258
770 929
771 911
772 573
773 572
774 1109
775 580
776 895
777 958
778 68
779 55
780 278
781 379
782 984
783 400
784 755
785 725
786 1072
787 859
788 277
789 314
790 361
791 788
792 37
793 670
794 212
795 523
796 902
797 1065
798 619
799 322
800 294
801 20
802 941
803 92
804 57
805 702
806 179
807 546
808 699
809 1000
810 311
811 939
812 173
813 1124
814 828
815 1091
816 620
817 471
818 355
819 1026
820 53
821 31
822 876
823 181
824 1007
825 376
826 630
827 834
828 88
829 578
830 985
831 805
832 849
833 161
834 1097
835 972
836 288
837 1012
838 451
839 147
840 712
841 980
842 575
843 24
844 551
845 1047
846 944
847 751
848 347
849 516
850 231
851 104
852 721
853 377
854 747
855 293
856 261
857 722
858 801
859 257
860 201
861 1130
862 43
863 532
864 514
865 540
866 1034
867 734
868 779
869 1008
870 567
871 742
872 100
873 557
874 72
875 833
876 502
877 829
878 913
879 501
880 677
881 443
882 1035
883 420
884 66
885 159
886 356
887 391
888 462
889 259
890 867
891 826
892 296
893 435
894 1080
895 949
896 813
897 422
898 1092
899 118
900 820
901 454
902 839
903 148
904 583
905 75
906 211
907 117
908 410
909 531
910 616
911 912
912 500
913 18
914 560
915 145
916 678
917 163
918 405
919 613
920 367
921 459
922 488
923 584
924 883
925 534
926 707
927 496
928 58
929 1045
930 795
931 997
932 3
933 1064
934 124
935 785
936 54
937 982
938 246
939 467
940 807
941 433
942 1082
943 922
944 178
945 870
946 316
947 627
948 166
949 903
950 457
951 634
952 769
953 971
954 854
955 746
956 686
957 141
958 851
959 158
960 814
961 290
962 974
963 360
964 917
965 319
966 723
967 791
968 51
969 543
970 192
971 1129
972 1010
973 116
974 419
975 1003
976 69
977 94
978 1044
979 739
980 1006
981 483
982 924
983 102
984 273
985 395
986 1081
987 639
988 463
989 1123
990 758
991 708
992 728
993 214
994 46
995 919
996 1024
997 6
998 446
999 802
1000 595
1001 990
1002 292
1003 605
1004 308
1005 827
1006 430
1007 994
1008 752
1009 1071
1010 134
1011 835
1012 858
1013 855
1014 217
1015 366
1016 631
1017 112
1018 346
1019 129
1020 942
1021 225
1022 636
1023 732
1024 764
1025 41
1026 453
1027 359
1028 542
1029 28
1030 397
1031 354
1032 809
1033 172
1034 882
1035 852
1036 295
1037 735
1038 1073
1039 76
1040 533
1041 1096
1042 429
1043 266
1044 679
1045 110
1046 594
1047 369
1048 329
1049 999
1050 423
1051 424
1052 689
1053 196
1054 130
1055 706
1056 1063
1057 508
1058 602
1059 374
1060 375
1061 8
1062 135
1063 1132
1064 477
1065 1104
1066 474
1067 681
1068 332
1069 139
1070 228
1071 260
1072 470
1073 193
1074 253
1075 908
1076 1107
1077 961
1078 1041
1079 235
1080 349
1081 847
1082 538
1083 208
1084 177
1085 590
1086 180
1087 850
1088 441
1089 223
1090 190
1091 305
1092 189
1093 390
1094 750
1095 659
1096 536
1097 74
1098 684
1099 1122
1100 215
1101 504
1102 830
1103 282
1104 342
1105 99
1106 1100
1107 371
1108 874
1109 403
1110 571
1111 264
1112 661
1113 1019
1114 450
1115 49
1116 614
1117 445
1118 846
1119 945
1120 125
1121 440
1122 642
1123 1018
1124 786
1125 662
1126 1105
1127 1052
1128 547
1129 745
1130 152
1131 171
1132 522