0 0 0 1 1 0 1 1 1 1 1
1 1 1 1 1 1 0 1 0 0 0
2 0 1 0 0 0 1 1 1 1 1
3 1 1 0 0 1 0 0 0 0 0
4 0 0 0 0 1 1 0 1 0 0
5 0 0 0 0 0 1 1 0 0 0
6 0 0 1 1 1 0 1 1 1 1
7 1 0 0 1 0 0 1 1 0 0
8 0 0 1 0 1 1 0 0 0 0
9 0 0 0 1 0 1 0 0 0 1
10 1 0 1 1 1 1 0 1 0 1
11 0 0 0 1 0 0 1 1 0 1
12 0 0 1 0 0 0 0 1 1 1
13 0 0 1 0 0 0 1 1 0 1
14 1 1 0 1 0 1 0 1 0 0
15 0 1 1 0 0 1 0 1 0 0
16 1 0 0 0 0 0 0 1 1 1
17 1 1 0 1 1 0 0 0 0 1
18 0 1 1 0 1 1 0 1 1 0
19 1 1 0 1 1 0 0 0 0 1
20 0 0 1 1 1 1 1 0 1 1
21 1 1 0 1 0 0 1 1 0 0
22 1 1 0 1 1 0 1 0 0 1
23 1 1 0 0 1 0 1 1 0 1
24 1 0 0 0 1 0 0 1 0 1
25 0 1 1 1 1 0 0 0 1 1
26 1 1 0 1 1 1 0 1 0 1
27 1 0 1 0 1 1 1 1 0 1
28 1 1 0 1 1 0 0 0 1 0
29 0 1 1 1 1 1 0 1 0 1
30 1 0 0 1 0 1 0 0 0 1
31 1 0 0 0 0 0 0 1 1 0
32 1 1 1 1 1 1 1 1 0 0
33 0 0 0 0 0 0 1 0 0 1
34 1 0 1 0 1 0 1 1 1 0
35 1 1 1 0 1 1 0 0 1 0
36 1 1 0 1 1 0 1 1 0 0
37 0 0 1 0 1 1 1 0 0 0
38 1 1 1 0 1 1 0 1 0 1
39 1 0 0 1 0 0 1 1 0 1
40 1 0 1 1 1 0 0 1 0 0
41 0 1 0 1 0 0 0 0 0 0
42 0 1 1 1 1 0 1 1 1 1
43 1 0 1 1 1 1 0 0 0 0
44 1 0 1 0 0 1 0 0 0 0
45 0 0 0 0 1 0 0 0 0 1
46 1 0 1 1 1 1 1 1 0 1
47 0 1 1 1 1 0 1 1 1 1
48 1 0 0 0 0 1 1 0 0 0
49 0 0 0 1 0 0 0 1 1 1
50 1 0 0 0 1 0 1 0 0 1
51 0 0 0 0 0 0 0 1 1 1
52 0 1 1 0 0 1 1 0 0 0
53 0 1 1 1 1 0 0 1 0 1
54 0 0 0 0 1 1 0 1 0 0
55 0 0 1 0 0 0 0 1 0 1
56 0 0 0 0 1 1 1 0 1 0
57 1 1 1 1 0 1 1 1 0 1
58 1 1 0 0 0 0 1 0 0 1
59 0 1 0 0 0 0 1 0 1 0
60 1 1 0 1 1 1 0 0 0 0
61 0 1 0 0 1 0 1 0 0 0
62 1 1 0 0 0 0 0 1 0 1
63 0 1 1 0 0 1 1 1 0 0
64 1 1 0 1 1 0 0 0 0 1
65 1 1 0 0 0 1 0 1 1 1
66 1 0 1 1 0 0 1 1 1 1
67 0 1 0 1 0 1 0 0 0 1
68 0 1 0 1 0 1 1 0 0 0
69 0 0 0 0 1 1 0 0 0 0
70 0 1 0 1 1 0 1 1 0 1
71 0 0 0 1 1 0 1 1 0 0
72 1 1 0 1 1 0 0 1 0 0
73 0 0 1 0 0 0 1 1 1 0
74 1 0 1 0 0 0 1 0 0 1
75 0 0 0 0 0 1 0 1 0 1
76 0 1 0 1 0 0 1 0 1 0
77 1 1 0 1 0 0 1 1 0 0
78 0 0 0 1 0 0 1 0 0 1
79 0 0 0 0 0 0 1 0 1 1
80 1 0 1 1 1 0 0 1 0 0
81 0 1 0 0 0 0 0 1 0 0
82 1 0 0 1 1 0 1 0 1 0
83 1 0 1 0 1 1 1 1 0 1
84 1 0 1 1 0 1 0 1 0 1
85 0 1 1 0 1 0 1 1 1 1
86 0 0 0 0 0 1 0 1 0 0
87 1 0 0 1 1 1 0 1 1 0
88 1 0 1 1 1 0 0 1 0 1
89 0 0 1 1 0 0 1 0 1 0
90 1 0 1 0 0 1 1 1 1 1
91 0 0 0 1 0 1 1 0 1 1
92 1 0 0 0 1 0 0 0 0 0
93 1 1 1 1 1 1 1 1 1 1
94 1 1 0 1 1 1 1 0 1 1
95 0 1 0 1 0 1 1 1 0 1
96 1 0 1 0 1 0 0 0 1 1
97 0 1 1 0 1 0 1 0 0 1
98 0 1 0 1 1 1 0 1 1 0
99 0 1 1 1 0 1 1 0 0 1
100 1 1 1 1 1 1 0 1 1 1
101 0 1 1 0 0 1 1 0 0 1
102 1 1 1 1 1 0 0 0 0 0
103 0 0 0 1 1 0 0 0 0 1
104 1 0 0 0 0 0 0 1 0 0
105 0 1 0 1 1 0 0 0 0 1
106 0 1 1 0 1 0 1 1 1 0
107 0 0 1 0 1 1 0 1 0 1
108 1 1 1 0 1 0 0 1 0 1
109 1 0 0 1 0 0 0 1 0 0
110 1 0 1 0 1 0 1 0 0 0
111 0 1 0 0 0 0 1 0 1 1
112 1 1 0 1 0 1 1 1 0 0
113 0 1 1 0 0 0 0 0 1 0
114 0 1 1 0 1 0 0 0 1 0
115 1 1 1 1 1 1 1 0 0 0
116 0 1 1 1 1 0 1 1 0 1
117 1 1 1 1 0 0 0 1 1 1
118 1 0 0 1 1 0 1 1 0 1
119 0 0 0 0 0 1 0 0 0 1
120 1 1 0 0 0 1 1 0 0 1
121 1 1 1 0 1 0 1 1 1 1
122 0 0 0 0 1 1 1 1 0 0
123 1 1 1 1 1 0 0 1 1 1
124 1 1 1 0 1 1 1 1 1 1
125 1 0 1 0 1 1 0 0 1 0
126 1 0 1 0 0 1 0 1 0 1
127 0 0 1 0 1 0 0 1 1 0
128 0 1 0 0 1 1 1 1 1 1
129 1 0 1 1 0 1 0 0 0 0
130 0 0 0 1 0 0 1 0 1 1
131 0 0 1 1 0 0 1 0 0 0
132 0 0 0 0 0 0 1 1 1 0
133 1 1 0 1 1 1 0 1 0 1
134 0 0 0 0 0 0 0 1 0 0
135 0 1 1 1 1 1 1 0 1 1
136 1 1 1 1 1 1 1 1 0 0
137 0 1 1 1 0 1 1 1 0 0
138 0 0 0 1 1 0 0 0 0 1
139 1 1 0 0 0 1 1 0 1 1
140 0 1 1 0 0 1 0 1 0 1
141 0 1 0 0 1 1 1 0 1 1
142 1 1 0 0 1 1 0 0 1 0
143 0 0 1 1 1 1 0 1 0 0
144 1 1 0 1 0 0 1 0 1 1
145 1 0 1 1 0 1 1 1 1 0
146 0 0 1 0 1 1 1 1 1 1
147 1 1 1 1 1 1 0 1 0 1
148 1 1 1 1 0 1 0 0 0 1
149 1 1 0 1 1 1 0 1 1 1
150 0 1 1 1 1 0 1 0 0 1
151 1 0 1 0 0 0 0 0 0 1
152 1 1 0 1 0 0 0 0 0 0
153 1 1 0 0 1 0 1 0 1 0
154 0 0 1 0 1 1 1 1 0 0
155 0 0 0 0 1 0 1 0 0 0
156 1 0 0 1 0 1 1 1 0 1
157 0 0 1 1 0 0 0 1 0 0
158 0 0 1 1 1 1 1 1 1 0
159 1 0 0 1 1 1 1 1 0 1
160 1 0 1 1 0 1 1 1 0 1
161 1 1 1 1 1 1 0 0 1 0
162 0 1 0 1 1 1 1 0 0 0
163 1 1 1 0 1 0 1 1 1 1
164 0 1 1 0 1 1 1 1 1 1
165 0 1 1 1 1 0 0 1 1 0
166 1 1 0 0 1 0 0 1 0 1
167 0 1 1 1 0 0 1 0 0 0
168 1 1 1 0 0 0 0 0 1 0
169 1 0 1 1 0 0 0 1 1 0
170 0 1 1 1 1 1 1 0 0 0
171 0 1 0 0 0 1 0 1 0 0
172 1 1 1 0 1 0 0 1 0 1
173 1 1 0 1 1 0 1 0 0 0
174 0 1 0 0 0 1 1 1 1 1
175 1 0 1 0 1 1 1 1 1 1
176 1 1 0 1 0 0 0 0 1 0
177 1 1 1 0 0 1 1 0 0 0
178 0 0 1 0 1 1 0 1 1 1
179 1 0 1 1 0 0 1 1 0 1
180 1 0 1 0 0 0 0 1 0 0
181 0 0 1 1 1 1 0 1 0 0
182 1 1 0 1 0 0 1 0 1 0
183 1 0 0 0 1 0 0 0 1 0
184 0 1 1 1 1 0 0 0 0 0
185 0 1 1 0 0 1 0 0 1 1
186 0 1 1 1 1 1 0 0 1 0
187 1 0 1 0 1 1 0 0 1 1
188 0 1 0 1 1 1 0 0 0 0
189 1 1 0 0 0 1 1 1 0 0
190 1 1 0 1 1 0 1 1 0 1
191 0 0 0 0 1 1 1 0 1 0
192 1 0 0 1 0 1 0 0 1 1
193 0 1 1 1 0 0 1 0 1 1
194 1 0 0 0 1 1 0 0 0 0
195 0 0 1 0 1 1 0 0 1 0
196 0 1 0 1 0 0 0 1 1 1
197 0 0 0 0 0 1 1 0 0 0
198 1 1 0 0 0 1 0 0 1 1
199 1 1 0 1 1 0 1 1 1 0
200 0 1 0 1 0 0 0 1 0 0
201 0 1 0 0 1 0 0 0 0 0
202 1 0 1 1 1 1 0 0 0 1
203 1 1 1 0 1 0 0 1 0 0
204 1 0 0 1 1 0 0 0 0 0
205 0 1 0 0 0 0 1 0 1 1
206 0 0 0 0 0 1 0 0 0 0
207 1 0 1 1 1 1 0 1 1 0
208 0 1 1 0 1 1 0 1 1 0
209 0 1 1 1 0 0 1 1 0 1
210 0 0 0 1 0 0 1 0 0 0
211 0 0 1 1 0 0 0 1 1 1
212 0 0 1 1 0 1 0 0 0 1
213 0 0 0 1 1 0 1 1 0 1
214 0 0 0 0 1 0 0 0 1 1
215 1 1 1 1 0 0 1 0 1 1
216 1 0 1 1 0 0 1 1 1 1
217 0 0 0 0 0 1 1 0 1 0
218 1 0 0 1 1 1 0 0 1 0
219 1 1 0 0 1 1 0 1 1 1
220 0 0 1 0 0 0 1 0 0 0
221 0 0 1 0 0 0 1 1 1 1
222 1 0 0 0 1 1 0 1 0 1
223 0 1 0 1 1 1 1 1 1 1
224 1 1 1 1 0 1 0 1 1 0
225 1 0 1 0 0 1 0 1 0 1
226 1 1 1 0 0 0 1 1 1 0
227 0 1 1 0 0 0 0 0 0 0
228 1 0 1 0 1 0 1 0 1 1
229 0 1 1 1 0 0 0 1 1 1
230 0 0 0 1 1 1 0 1 0 0
231 0 1 1 0 1 1 0 0 1 0
232 1 1 0 1 0 0 1 0 1 1
233 0 1 1 0 1 0 0 0 1 0
234 0 1 1 0 1 1 0 0 1 1
235 1 1 1 0 0 1 1 0 0 1
236 0 1 0 0 1 1 1 1 0 0
237 0 0 0 1 0 1 1 0 1 1
238 0 0 0 1 0 1 1 1 0 1
239 0 1 1 1 1 0 1 1 1 1
240 0 0 1 1 0 0 1 1 1 1
241 1 1 0 1 1 1 0 1 0 0
242 1 1 0 1 1 0 0 0 1 0
243 0 0 1 1 0 1 1 0 0 0
244 0 0 1 0 0 0 0 1 0 1
245 0 0 1 1 1 0 1 0 1 0
246 0 0 0 0 1 1 0 0 1 1
247 0 0 0 0 1 1 0 0 1 0
248 1 0 0 1 0 0 1 0 1 1
249 1 0 1 1 0 1 1 0 1 0
250 1 0 0 1 1 0 1 0 1 0
251 1 1 0 0 1 0 0 0 1 1
252 1 0 0 0 1 1 0 0 0 0
253 0 0 1 1 1 1 1 0 0 1
254 1 1 1 0 0 0 0 1 0 1
255 0 0 0 0 0 0 1 1 1 0
256 0 0 0 1 0 0 0 1 0 1
257 0 0 0 0 1 1 1 1 0 0
258 0 0 0 1 0 0 0 1 0 1
259 1 0 0 1 1 1 1 1 0 1
260 0 0 1 1 1 0 1 0 0 1
261 0 1 1 1 0 1 0 1 1 1
262 0 0 0 1 0 1 0 0 1 1
263 0 0 0 1 1 0 0 1 1 1
264 0 1 1 0 1 1 0 1 0 0
265 1 0 1 0 0 0 0 1 0 1
266 1 0 1 0 0 0 0 1 1 0
267 1 0 1 1 0 0 1 1 0 1
268 1 0 1 1 1 0 1 0 1 1
269 0 1 0 1 1 0 0 1 1 0
270 0 1 1 1 0 1 1 1 0 0
271 0 0 1 1 1 0 1 1 0 1
272 1 1 1 1 1 0 1 0 1 0
273 0 1 0 0 0 0 0 1 1 1
274 1 0 1 0 0 0 1 0 0 0
275 1 0 1 1 1 0 0 1 1 1
276 1 1 0 1 0 1 0 0 0 0
277 0 0 1 1 1 1 1 0 1 1
278 0 0 0 1 1 0 1 1 0 0
279 0 1 0 1 0 0 1 1 1 0
280 0 1 1 1 0 0 0 0 0 0
281 0 0 0 0 0 0 1 0 1 1
282 1 0 0 0 1 0 1 0 1 0
283 0 1 1 0 1 1 1 0 0 0
284 1 1 1 1 0 0 1 0 1 1
285 0 1 0 1 0 1 0 1 1 1
286 0 1 0 1 1 1 1 0 0 0
287 0 1 1 0 0 0 0 1 1 0
288 0 0 0 1 1 0 1 0 1 1
289 1 0 0 0 1 0 1 1 0 0
290 1 1 0 1 1 1 1 1 1 0
291 0 0 1 1 1 1 0 1 0 1
292 0 1 1 0 1 0 0 0 1 1
293 1 1 0 0 1 0 0 0 1 0
294 0 1 1 1 0 1 0 0 1 0
295 1 1 1 0 0 0 1 0 0 0
296 0 0 0 1 1 1 1 0 1 0
297 1 1 0 1 1 1 0 1 0 1
298 0 0 1 0 1 0 1 0 0 1
299 1 1 0 0 0 0 1 0 0 1
300 0 1 0 0 0 0 0 0 1 0
301 1 1 1 0 1 1 1 1 1 0
302 1 1 0 0 1 1 0 0 0 1
303 0 1 0 1 1 1 1 1 1 0
304 0 1 1 0 1 0 0 0 1 0
305 1 0 0 1 0 1 1 0 0 1
306 1 1 1 1 1 1 0 0 0 1
307 0 1 0 1 0 1 0 1 1 1
308 0 1 0 1 1 1 1 0 0 1
309 0 0 0 0 1 1 0 0 0 1
310 0 1 0 1 1 1 1 1 1 1
311 0 0 1 0 0 1 0 1 0 0
312 1 1 1 1 1 1 0 1 0 1
313 1 1 0 0 1 1 0 1 0 0
314 0 1 0 1 1 1 0 0 1 0
315 0 1 1 1 0 1 1 1 0 0
316 1 0 1 1 0 0 1 0 0 1
317 0 1 1 1 0 0 1 1 1 1
318 0 0 1 1 1 1 1 0 1 1
319 1 1 0 1 0 0 0 0 1 0
320 0 1 0 0 0 0 1 1 0 1
321 0 0 0 0 0 1 0 0 0 1
322 0 0 1 1 0 1 0 1 1 1
323 1 1 1 0 0 1 0 0 1 1
324 1 0 0 0 0 1 1 0 1 1
325 1 0 0 1 1 0 1 0 1 0
326 1 1 1 1 1 0 1 1 0 1
327 0 0 0 0 1 1 0 1 0 1
328 1 1 1 1 1 1 1 0 1 1
329 0 1 0 1 0 0 0 0 1 1
330 0 0 1 0 0 1 1 0 0 0
331 1 1 0 1 1 0 0 0 1 0
332 0 1 1 1 1 1 0 0 1 1
333 1 1 0 1 1 1 0 1 1 1
334 1 1 1 0 1 0 1 0 0 0
335 0 0 1 1 0 0 0 1 0 0
336 1 1 0 0 1 0 1 0 1 0
337 0 0 1 0 1 1 1 1 1 0
338 0 1 0 1 0 1 1 1 0 0
339 1 1 0 1 1 0 0 0 0 0
340 1 0 1 0 0 1 1 0 0 0
341 1 1 1 1 1 0 1 1 1 1
342 0 1 0 1 1 1 0 0 0 1
343 1 1 0 0 1 1 1 0 0 0
344 0 0 0 1 1 0 0 1 1 1
345 0 1 1 0 1 1 1 0 1 0
346 0 0 1 0 1 0 1 0 0 0
347 0 0 1 1 1 1 1 0 0 1
348 0 1 1 0 0 1 0 1 0 1
349 1 1 0 0 0 0 1 1 0 1
350 1 0 0 1 0 1 1 0 0 0
351 1 1 1 0 0 0 0 1 1 0
352 1 1 0 1 1 1 0 0 0 0
353 0 0 1 1 1 1 0 1 1 1
354 1 0 0 0 1 0 0 1 0 0
355 0 1 0 1 1 0 1 0 0 0
356 1 1 0 1 1 0 0 0 1 1
357 0 1 1 0 0 1 0 0 0 0
358 1 0 0 1 0 1 0 1 1 1
359 1 1 0 1 0 1 0 0 0 1
360 1 0 0 0 0 1 1 1 0 1
361 1 1 0 1 1 0 1 0 1 1
362 0 0 1 1 0 0 0 0 1 0
363 0 0 0 0 1 0 0 1 1 0
364 0 1 1 1 0 1 1 1 1 1
365 1 1 1 0 0 0 1 1 0 1
366 0 1 0 1 0 0 1 0 0 1
367 0 0 0 1 1 0 0 0 1 0
368 0 1 1 0 1 1 1 1 1 0
369 0 1 0 1 0 1 0 1 1 0
370 1 0 1 0 1 0 1 1 0 0
371 0 1 0 1 1 0 1 1 0 1
372 0 0 0 1 0 0 0 1 1 1
373 0 1 0 0 1 1 1 0 1 0
374 1 1 1 0 0 1 0 0 1 1
375 0 1 0 1 1 1 0 0 1 0
376 0 1 0 0 1 0 0 1 1 0
377 1 1 1 1 0 0 0 1 0 0
378 1 0 0 1 1 1 0 1 0 0
379 1 0 1 0 1 0 0 1 1 1
380 0 0 0 1 0 1 0 1 0 1
381 1 1 0 1 0 1 1 0 1 0
382 1 0 1 0 1 1 1 0 1 1
383 1 1 1 1 0 0 0 0 0 0
384 1 0 1 1 0 1 0 0 0 0
385 1 1 1 1 0 0 0 1 1 0
386 0 0 1 0 1 0 1 0 1 1
387 1 0 1 0 0 0 0 0 0 1
388 1 0 1 1 1 0 0 1 0 1
389 0 0 1 0 0 0 0 1 0 0
390 0 0 1 1 1 0 0 0 0 1
391 0 1 0 1 0 0 1 1 0 0
392 0 1 0 1 1 0 1 1 0 0
393 1 0 0 0 1 0 1 0 0 0
394 0 1 1 1 1 1 0 0 1 1
395 1 1 1 1 1 0 0 0 1 1
396 0 1 0 1 1 1 1 1 1 0
397 0 0 1 1 1 1 0 0 1 1
398 0 0 1 1 0 1 1 1 1 0
399 0 0 1 0 1 1 0 1 1 0
400 0 0 1 1 1 1 1 0 0 1
401 0 1 1 1 0 0 0 1 1 0
402 0 0 0 0 0 0 0 0 1 1
403 0 1 0 1 0 0 0 1 1 1
404 1 0 1 0 0 0 0 0 1 0
405 1 0 1 0 1 1 0 1 1 0
406 0 1 0 1 1 0 0 1 0 0
407 1 1 0 1 0 1 1 0 0 1
408 1 1 1 0 0 0 1 0 0 1
409 0 1 1 0 0 1 0 0 1 1
410 0 1 1 0 1 1 1 1 0 1
411 1 1 1 0 0 0 0 1 1 1
412 1 0 1 0 1 0 1 0 0 1
413 0 1 0 1 1 1 1 1 1 1
414 0 0 1 0 0 1 1 0 1 1
415 1 0 1 1 1 1 0 1 1 1
416 1 0 1 0 0 1 0 0 0 0
417 1 1 0 1 1 1 0 1 1 0
418 1 0 0 1 0 1 0 0 0 1
419 0 1 0 1 1 0 0 0 1 1
420 1 0 1 1 0 0 1 0 0 1
421 0 1 1 1 1 0 1 1 1 0
422 1 1 0 0 1 1 1 0 1 1
423 0 0 1 1 0 0 1 0 0 0
424 1 0 0 0 1 1 0 0 0 0
425 0 1 1 0 1 1 0 0 1 0
426 0 1 1 1 0 0 1 0 1 0
427 0 0 1 0 0 1 0 0 0 1
428 0 1 0 1 1 0 1 1 0 1
429 1 1 1 1 0 1 0 0 1 0
430 0 1 1 0 1 1 1 1 0 1
431 0 1 0 1 0 1 0 1 1 1
432 1 1 1 1 1 0 0 1 1 0
433 0 1 0 1 0 1 0 1 0 0
434 0 1 0 0 1 1 1 0 1 1
435 0 1 0 1 0 1 0 0 0 1
436 1 0 0 1 0 1 0 0 1 0
437 0 0 0 0 1 1 1 0 0 1
438 0 1 0 0 0 1 0 1 0 0
439 1 0 1 1 0 0 0 1 1 0
440 0 1 0 0 1 0 1 0 0 0
441 1 1 0 0 0 0 0 1 1 0
442 0 0 0 1 0 0 0 0 0 0
443 0 1 0 1 0 0 0 0 0 0
444 1 1 0 1 0 0 1 1 1 0
445 0 1 0 1 1 0 0 0 1 0
446 0 1 1 1 1 0 0 0 0 1
447 1 1 1 0 0 0 0 1 1 0
448 1 0 1 0 1 0 0 1 1 0
449 1 0 0 0 0 1 0 1 0 0
450 0 1 1 0 1 0 1 1 0 1
451 0 1 0 0 0 0 1 1 0 1
452 1 0 0 0 0 1 0 0 0 1
453 0 0 0 0 0 1 1 0 0 1
454 0 0 0 0 0 0 0 0 1 1
455 1 1 0 1 0 0 0 1 1 1
456 0 1 1 1 1 1 0 1 0 1
457 1 1 1 1 0 0 0 1 1 1
458 0 0 0 1 1 1 0 1 1 1
459 1 1 0 1 1 0 1 0 1 1
460 1 0 0 1 1 1 0 1 1 0
461 0 0 0 1 0 1 1 0 0 0
462 0 0 1 1 0 1 0 0 1 0
463 1 1 0 0 0 0 0 1 0 0
464 0 0 1 1 0 0 1 0 0 0
465 1 0 1 0 1 0 1 0 0 0
466 1 1 0 0 1 0 0 0 0 0
467 1 0 1 1 0 0 0 0 1 1
468 0 0 0 0 1 1 0 0 0 0
469 1 1 0 1 0 0 0 0 1 0
470 0 0 1 0 0 0 1 0 1 1
471 0 1 0 1 0 0 0 0 0 1
472 0 1 1 0 1 0 1 1 1 1
473 1 1 0 0 1 0 1 0 1 0
474 0 1 0 0 1 1 0 0 1 1
475 0 1 1 0 1 0 0 1 1 0
476 1 0 1 0 1 0 1 0 1 0
477 0 1 1 1 0 0 0 0 0 0
478 1 1 0 0 0 0 1 1 0 1
479 1 1 0 0 0 1 1 1 0 1
480 1 0 1 1 0 0 1 0 0 0
481 0 0 0 1 0 1 1 1 0 0
482 1 0 1 0 1 1 0 1 0 0
483 0 0 0 1 0 1 0 0 1 0
484 0 1 0 0 0 0 1 1 0 1
485 0 0 0 0 1 1 1 0 1 0
486 0 1 1 1 1 0 0 0 1 1
487 0 1 0 1 1 0 0 1 1 0
488 0 0 1 0 0 0 1 1 1 0
489 1 0 0 0 1 1 1 1 1 0
490 0 0 1 0 0 1 0 0 1 0
491 0 0 1 1 0 1 1 1 0 1
492 1 1 1 0 0 1 0 0 0 1
493 1 0 1 0 0 0 1 0 0 0
494 0 0 1 0 0 1 1 0 0 0
495 1 0 0 0 0 1 1 0 0 1
496 1 0 0 1 1 0 1 1 1 1
497 1 1 1 1 1 1 1 0 1 1
498 1 1 1 0 1 1 0 1 0 0
499 0 0 1 0 0 0 0 0 1 1
500 0 1 0 0 1 0 1 0 0 1
501 0 1 0 1 0 0 0 1 0 0
502 1 1 1 1 0 1 1 1 0 0
503 1 0 0 0 1 0 1 0 1 1
504 1 1 0 0 1 0 0 1 0 1
505 1 1 0 1 1 0 1 1 1 1
506 0 0 1 0 0 0 1 0 0 0
507 1 1 1 1 0 0 0 0 1 1
508 1 0 1 0 1 1 1 1 0 1
509 1 0 1 0 1 1 0 1 0 0
510 0 1 1 0 1 1 1 1 1 1
511 0 1 1 1 0 0 0 0 0 0
512 1 1 1 0 1 1 0 1 1 0
513 0 0 0 1 1 1 1 0 0 0
514 1 0 1 0 0 0 0 1 1 0
515 0 0 0 1 0 0 1 0 1 0
516 0 0 1 1 1 1 0 1 1 1
517 0 0 0 1 1 1 1 1 0 1
518 0 1 1 0 1 0 0 0 0 1
519 1 0 1 0 0 1 1 1 1 0
520 1 0 1 1 1 1 1 1 1 0
521 1 0 0 1 0 1 0 1 1 0
522 1 0 0 1 1 1 0 0 1 1
523 1 1 0 0 0 1 1 1 0 0
524 1 1 0 0 1 1 0 1 1 0
525 0 1 1 1 0 0 1 1 0 1
526 1 0 1 0 1 0 0 0 1 0
527 0 1 0 1 1 0 1 0 1 1
528 1 0 1 0 0 0 1 0 0 1
529 0 1 0 1 1 0 0 1 1 1
530 0 1 0 1 0 1 1 0 0 1
531 0 1 1 0 0 1 1 1 0 0
532 0 0 0 1 0 1 1 0 0 0
533 0 0 1 0 1 0 1 1 0 1
534 0 1 1 1 0 1 0 0 0 1
535 0 0 0 0 1 1 0 0 1 1
536 0 1 0 1 1 0 0 1 1 1
537 0 0 1 1 1 0 1 0 1 0
538 1 0 0 0 1 0 0 1 0 0
539 0 1 1 0 0 1 0 1 1 1
540 1 0 0 0 1 1 1 1 0 1
541 0 0 1 0 0 0 0 1 1 1
542 1 1 1 1 1 1 1 0 0 1
543 0 1 0 0 0 0 0 0 1 1
544 0 0 0 0 0 1 0 0 0 1
545 0 0 0 1 0 1 0 0 0 1
546 1 0 0 0 0 1 0 0 0 1
547 1 0 0 1 1 1 1 1 1 1
548 1 0 1 0 1 0 1 0 0 1
549 0 1 0 0 0 0 0 1 0 1
550 0 1 0 1 0 1 0 0 0 0
551 1 0 0 0 0 1 0 0 0 1
552 0 1 0 0 0 1 0 0 1 0
553 1 1 1 1 0 0 1 1 1 1
554 0 1 1 0 0 0 1 0 1 1
555 0 0 0 1 0 0 1 1 1 0
556 1 1 0 1 1 0 1 0 1 0
557 1 1 0 1 1 0 0 1 1 1
558 0 1 1 0 1 0 1 1 1 1
559 1 1 0 1 1 0 1 1 1 0
560 0 1 0 0 0 1 1 0 0 1
561 0 1 1 1 0 1 1 0 0 1
562 1 1 0 1 1 0 1 0 1 1
563 1 0 0 1 1 0 1 0 0 1
564 1 0 0 1 1 0 1 1 0 0
565 1 0 1 1 0 0 0 1 0 0
566 1 1 1 0 1 1 1 0 0 0
567 0 1 0 0 1 1 0 0 1 0
568 1 1 0 0 1 0 0 1 0 1
569 0 1 0 1 1 1 0 0 0 0
570 0 0 1 0 0 0 1 1 1 0
571 0 1 0 0 1 1 0 0 1 0
572 1 1 0 1 1 1 1 0 1 0
573 1 1 0 0 0 0 1 0 1 1
574 0 1 0 0 1 0 0 0 1 0
575 1 0 0 0 1 1 1 1 1 1
576 1 1 0 1 0 1 1 0 0 1
577 0 0 1 1 1 0 0 1 0 0
578 0 1 1 1 1 1 1 0 1 0
579 1 0 1 0 1 1 0 1 1 0
580 0 1 0 1 1 0 0 1 0 0
581 1 0 0 1 0 0 1 1 1 0
582 1 0 1 1 1 0 1 1 0 0
583 1 1 1 0 1 1 1 1 1 0
584 1 0 1 1 1 1 0 1 0 1
585 0 1 1 0 0 0 1 0 0 1
586 1 0 1 0 1 1 1 0 1 1
587 0 0 1 0 1 0 0 1 1 1
588 1 1 1 1 1 0 1 0 1 0
589 1 0 0 0 0 0 0 0 1 0
590 0 0 1 1 1 1 0 0 0 1
591 0 1 1 0 0 1 1 1 1 0
592 0 1 0 0 1 1 1 1 0 1
593 1 0 1 1 1 0 0 0 1 0
594 0 0 1 0 1 0 0 0 0 0
595 0 0 0 1 0 0 1 0 0 1
596 0 1 1 1 1 1 1 1 1 0
597 0 0 0 1 1 0 1 0 1 1
598 1 1 0 0 0 0 1 0 1 0
599 1 1 1 1 1 1 0 0 0 0
600 0 1 1 1 1 1 1 1 0 0
601 0 0 0 0 1 0 1 1 1 0
602 0 0 0 0 0 0 1 1 0 0
603 0 1 0 1 0 0 0 0 0 1
604 1 1 0 1 0 1 0 0 0 0
605 0 1 1 1 0 1 0 0 1 1
606 0 0 1 0 1 0 1 1 0 0
607 1 0 0 0 0 1 0 0 1 1
608 1 0 1 0 1 0 1 1 1 1
609 1 0 0 1 0 1 1 0 0 0
610 0 1 1 1 0 0 1 0 0 0
611 0 1 1 1 0 1 1 1 1 1
612 0 1 1 1 1 0 0 0 0 0
613 0 1 0 1 0 1 0 0 0 0
614 0 1 1 0 0 0 0 0 1 1
615 0 0 1 0 1 1 1 0 1 1
616 0 0 1 1 1 1 1 1 0 0
617 0 0 0 1 0 1 1 1 1 1
618 0 0 0 1 0 1 0 1 1 1
619 1 0 0 0 1 0 0 0 1 0
620 0 1 1 0 1 0 0 0 0 0
621 1 0 1 0 1 0 0 0 1 1
622 1 1 1 0 1 1 0 1 0 0
623 0 1 1 1 1 1 1 0 1 1
624 1 0 0 1 1 0 1 0 1 0
625 1 1 1 1 0 1 0 0 1 1
626 0 0 0 0 1 1 1 1 0 1
627 1 1 1 1 0 0 1 1 1 1
628 1 1 0 0 1 1 0 0 1 1
629 1 0 0 0 0 0 0 0 1 1
630 1 1 1 0 1 1 1 0 1 1
631 0 0 0 0 1 0 1 0 1 0
632 1 1 1 0 0 0 1 1 1 1
633 0 1 1 0 0 1 0 0 1 0
634 1 1 1 1 1 1 1 1 0 0
635 0 1 0 1 1 1 1 1 0 0
636 1 0 0 1 0 1 0 1 1 1
637 0 1 0 1 0 1 0 1 0 0
638 0 1 1 1 0 1 0 0 1 0
639 0 0 0 1 0 0 1 1 0 0
640 0 1 0 1 1 1 0 0 1 1
641 0 0 1 1 1 0 1 0 1 0
642 1 0 0 0 1 1 1 1 1 1
643 0 1 0 1 0 0 0 1 1 0
644 0 0 1 0 0 1 1 1 0 0
645 0 0 1 1 0 1 1 0 0 0
646 0 1 1 1 1 1 0 1 0 0
647 0 0 1 1 1 1 0 1 1 0
648 0 1 1 1 1 1 0 0 1 0
649 1 0 0 0 0 1 0 0 0 0
650 1 1 0 1 1 1 0 0 0 0
651 0 0 1 0 0 0 0 0 1 1
652 0 1 0 1 1 0 0 0 0 1
653 0 0 1 0 0 0 1 1 1 0
654 1 0 0 1 1 1 1 0 0 1
655 1 1 0 1 0 1 1 1 0 0
656 0 1 1 1 0 1 1 0 1 0
657 1 1 0 1 1 0 1 1 1 1
658 1 1 1 0 1 1 1 1 0 1
659 0 1 0 1 1 0 1 0 0 1
660 1 1 1 1 1 0 0 0 1 0
661 0 1 1 0 1 1 0 0 1 0
662 1 0 0 0 1 1 1 1 0 0
663 0 0 0 0 1 0 0 1 1 1
664 0 1 0 1 1 0 0 1 1 1
665 0 1 0 0 1 1 1 1 1 1
666 0 1 1 0 0 0 1 1 1 1
667 1 1 1 1 1 1 1 1 0 0
668 0 1 0 0 0 0 1 0 0 1
669 1 1 0 1 0 0 0 1 1 0
670 1 0 1 0 1 0 0 1 0 1
671 0 0 0 0 1 1 1 1 0 1
672 1 1 1 0 0 0 1 1 0 0
673 0 0 1 0 0 0 0 1 0 1
674 1 0 0 0 1 1 1 1 1 0
675 1 0 0 0 1 1 0 0 1 1
676 1 1 1 0 1 1 1 0 1 0
677 0 1 1 0 1 0 0 0 0 1
678 0 1 0 1 1 0 0 0 1 1
679 1 0 1 1 0 1 0 0 1 1
680 0 1 1 1 0 1 0 0 1 1
681 0 0 0 1 0 0 0 1 0 0
682 1 0 1 0 1 1 1 0 0 1
683 1 0 0 0 1 0 1 1 1 0
684 1 1 1 0 1 0 0 1 0 1
685 1 1 1 1 1 1 1 1 1 0
686 1 0 1 0 0 0 0 1 1 1
687 1 0 1 0 0 1 0 1 1 1
688 1 1 1 0 1 0 1 1 1 0
689 1 0 0 1 0 0 1 0 1 0
690 0 0 1 1 0 1 1 1 1 0
691 0 0 1 0 1 0 0 1 1 1
692 0 0 1 1 0 1 1 1 0 1
693 1 1 0 0 0 0 1 1 0 1
694 1 0 1 0 0 0 1 0 1 0
695 1 0 1 1 1 0 1 1 1 1
696 0 1 1 1 0 1 1 0 0 0
697 1 1 0 0 1 0 0 0 0 0
698 0 1 0 1 1 1 1 1 0 0
699 0 1 0 1 0 1 1 0 0 0
700 0 0 0 1 0 0 1 1 0 0
701 1 1 1 1 1 1 1 0 0 1
702 0 0 1 0 1 0 1 0 0 1
703 1 0 0 1 1 0 0 1 0 0
704 0 1 0 1 0 1 0 0 0 0
705 0 0 1 0 1 1 1 1 1 0
706 1 1 1 1 1 1 0 1 0 0
707 0 1 0 0 0 1 1 0 1 0
708 0 0 0 0 0 1 1 0 0 0
709 0 1 1 0 1 1 1 1 0 1
710 0 0 0 1 1 1 0 1 0 0
711 0 0 1 1 1 1 0 1 0 0
712 1 0 1 1 1 1 1 1 1 0
713 0 0 1 1 0 1 0 1 0 1
714 1 1 1 1 0 0 1 0 1 0
715 1 0 1 1 0 1 0 0 1 1
716 0 1 1 0 1 0 1 0 0 0
717 1 1 0 0 1 0 1 0 0 0
718 0 0 1 0 0 1 1 1 0 0
719 1 1 1 0 1 1 1 0 0 1
720 0 1 1 0 1 1 0 1 1 1
721 1 1 1 1 0 1 1 1 1 1
722 1 0 0 1 0 1 0 0 0 0
723 1 0 0 0 0 1 1 0 0 0
724 0 1 0 1 1 0 1 0 0 0
725 0 0 0 1 0 0 1 1 0 0
726 0 1 0 0 0 0 0 0 0 0
727 1 0 0 1 1 0 1 0 1 1
728 0 0 1 1 1 1 1 1 0 1
729 0 0 1 0 0 0 0 0 1 1
730 0 0 1 0 0 0 1 0 1 0
731 1 1 1 1 1 1 1 1 1 1
732 0 0 0 0 0 1 1 0 0 0
733 0 0 0 1 1 1 1 0 1 1
734 0 0 0 1 1 0 1 0 1 1
735 1 1 0 1 0 0 0 0 0 0
736 1 1 1 1 0 0 1 1 0 1
737 0 0 0 1 1 0 1 1 0 1
738 0 0 1 0 0 0 0 1 0 0
739 1 1 1 0 1 0 0 0 1 1
740 1 1 1 1 1 0 1 1 0 0
741 1 0 1 1 0 0 1 1 1 0
742 0 1 1 0 0 1 1 1 1 0
743 0 0 1 1 0 1 1 0 0 0
744 0 0 1 0 1 1 0 1 1 0
745 0 1 1 0 0 1 0 1 1 0
746 0 0 1 1 0 0 0 1 1 1
747 1 1 0 1 1 0 1 1 1 1
748 0 0 1 1 0 0 0 0 1 1
749 1 1 1 0 1 0 0 1 0 1
750 1 1 1 0 1 1 0 1 0 1
751 1 0 0 0 0 1 0 1 0 0
752 0 1 0 0 1 1 0 1 1 0
753 1 0 1 1 0 1 1 1 0 1
754 1 0 0 0 0 0 1 1 1 0
755 1 1 1 1 1 1 0 0 0 1
756 0 1 1 1 1 1 1 0 1 1
757 1 1 0 1 1 0 0 0 1 1
758 1 1 0 0 1 0 0 0 0 0
759 0 0 0 0 0 1 0 0 1 0
760 1 1 1 1 0 1 0 1 1 0
761 1 0 0 1 0 1 1 0 0 1
762 0 1 1 0 0 1 0 0 1 0
763 1 1 1 1 1 0 1 1 1 0
764 1 1 0 1 0 1 1 1 1 0
765 1 0 1 0 0 1 1 0 0 0
766 1 1 0 0 0 1 1 0 0 1
767 0 1 0 1 1 1 1 1 1 1
768 1 0 0 1 0 0 1 1 0 0
769 0 1 1 0 1 1 1 1 0 1
770 1 0 0 1 1 1 0 1 1 0
771 0 0 1 0 1 0 1 1 0 1
772 1 0 1 1 0 0 1 1 1 1
773 1 1 1 1 1 0 0 0 0 1
774 0 1 0 0 0 0 1 1 0 0
775 1 1 1 1 0 1 1 1 0 0
776 1 1 0 1 1 0 0 0 0 1
777 1 1 1 0 0 1 1 0 1 0
778 1 1 1 1 1 1 1 0 0 1
779 1 1 0 1 1 0 0 1 0 0
780 0 1 0 1 1 0 1 0 0 0
781 1 1 1 1 0 0 1 1 0 1
782 0 0 1 0 0 0 1 1 0 0
783 1 1 0 0 1 1 0 1 0 1
784 1 0 1 0 1 0 1 0 0 0
785 0 1 0 0 1 1 0 0 1 0
786 1 0 0 1 0 1 0 1 1 0
787 1 1 0 1 1 1 1 0 0 1
788 0 1 0 0 0 1 1 0 1 1
789 0 0 1 0 1 0 1 1 0 1
790 0 0 0 1 0 0 0 1 1 1
791 0 1 1 0 0 1 0 0 0 1
792 0 1 1 0 0 0 1 1 1 0
793 1 1 0 0 1 1 0 0 1 1
794 0 1 0 0 1 0 0 0 1 1
795 1 0 0 1 0 1 1 0 1 1
796 0 1 1 0 1 1 1 0 1 1
797 1 1 0 0 1 0 0 0 1 0
798 1 0 1 1 1 1 1 0 1 0
799 0 0 0 1 1 0 1 1 0 0
800 1 0 1 0 1 1 0 0 1 1
801 0 1 1 0 1 1 0 0 1 1
802 1 0 0 0 0 1 1 0 1 0
803 1 0 1 0 0 1 1 1 0 1
804 1 1 0 1 1 0 0 1 1 1
805 1 0 1 0 1 1 1 0 1 1
806 1 1 1 1 1 1 1 1 0 0
807 1 1 0 1 0 0 1 0 1 0
808 0 1 0 1 0 0 1 0 0 1
809 0 1 1 1 0 1 1 1 1 1
810 0 0 0 0 1 0 0 1 0 1
811 0 1 0 0 1 0 1 0 1 1
812 0 0 1 1 0 0 0 0 1 0
813 0 0 0 0 1 1 0 0 1 0
814 1 1 1 1 1 0 0 0 0 0
815 1 0 0 1 1 1 0 1 0 0
816 0 0 1 1 1 0 1 0 0 1
817 1 0 1 0 0 1 1 0 1 1
818 1 1 0 1 1 1 1 1 1 0
819 0 1 1 1 1 1 1 0 0 0
820 0 0 0 1 0 0 1 0 0 0
821 0 1 0 0 1 0 0 0 1 1
822 1 1 0 1 1 0 1 1 0 1
823 0 1 1 1 0 0 1 0 1 0
824 1 0 1 0 1 1 1 0 0 1
825 1 1 1 0 1 0 1 0 1 1
826 0 0 1 0 1 1 1 0 0 0
827 0 0 1 1 1 0 0 1 1 1
828 0 1 1 1 0 1 0 0 1 1
829 1 0 1 1 1 1 0 0 1 0
830 0 1 0 1 0 0 1 0 0 1
831 1 0 1 0 0 0 0 0 1 1
832 1 1 1 0 1 1 1 1 1 0
833 1 1 1 0 0 1 0 0 1 0
834 0 0 1 0 1 1 0 0 1 0
835 0 1 0 0 0 1 0 0 1 1
836 0 0 0 0 1 1 1 1 1 0
837 0 1 1 0 1 0 0 1 0 0
838 1 0 1 1 0 1 0 0 1 0
839 1 0 1 1 0 0 0 1 1 1
840 1 1 0 1 0 0 1 1 0 1
841 0 1 1 0 0 0 1 0 1 1
842 1 1 0 1 1 0 0 1 0 1
843 0 1 0 1 1 0 0 1 0 1
844 1 1 0 0 1 0 0 0 1 0
845 1 1 1 0 0 1 1 0 1 0
846 1 1 1 1 0 0 1 1 0 1
847 0 1 1 0 0 0 0 0 1 0
848 1 1 1 0 1 0 1 1 1 1
849 1 1 1 0 1 0 0 1 0 1
850 0 0 0 1 1 1 1 0 1 0
851 0 0 1 1 0 0 0 0 1 0
852 0 0 1 1 0 0 1 1 0 1
853 0 0 0 0 1 0 1 1 0 0
854 0 1 1 1 1 0 0 0 0 0
855 0 0 0 1 1 0 0 0 0 1
856 1 0 1 1 1 1 1 0 1 1
857 0 0 0 1 0 0 0 0 0 0
858 0 0 0 1 1 1 1 1 1 1
859 0 1 0 0 1 1 1 1 0 0
860 1 1 1 0 1 0 0 1 0 0
861 0 0 0 0 0 1 1 0 0 1
862 1 0 0 1 1 1 0 0 1 1
863 0 0 0 1 0 1 0 1 0 0
864 1 1 0 0 1 1 1 0 0 1
865 0 0 0 1 1 0 1 1 1 0
866 0 1 1 1 1 1 1 1 1 0
867 1 0 1 0 0 1 0 0 0 1
868 0 1 1 1 0 1 1 0 1 0
869 1 0 0 0 1 1 0 1 1 1
870 1 0 0 0 1 1 1 1 0 0
871 0 0 1 1 1 1 1 0 0 1
872 1 1 0 1 1 0 0 1 0 1
873 0 1 0 1 1 0 1 0 0 0
874 1 1 1 1 1 1 0 0 1 0
875 0 1 0 0 1 0 0 0 0 1
876 1 0 0 1 1 0 0 1 1 1
877 0 0 0 0 1 0 1 1 0 1
878 0 1 0 1 1 1 0 0 0 1
879 0 1 1 1 0 1 1 1 0 0
880 0 1 0 1 1 1 0 0 0 1
881 0 0 0 1 0 0 0 0 0 1
882 1 1 0 1 1 0 0 0 1 1
883 0 0 1 1 0 1 1 0 1 1
884 0 0 0 0 0 0 1 0 0 0
885 1 1 1 1 0 0 1 0 1 1
886 0 0 1 1 1 1 0 0 1 0
887 1 1 0 0 1 0 1 1 1 1
888 1 1 1 1 1 0 1 0 1 1
889 1 1 0 1 0 1 1 0 0 1
890 1 0 1 0 1 1 1 1 1 0
891 1 0 1 1 0 1 1 1 1 1
892 1 0 0 1 1 1 0 0 0 0
893 0 0 1 0 0 1 0 1 0 1
894 0 0 1 1 1 1 0 0 1 0
895 1 0 1 1 0 1 1 1 1 0
896 1 0 1 1 1 0 0 1 0 1
897 0 1 0 1 1 1 1 1 1 1
898 1 1 0 1 0 0 1 1 0 1
899 1 1 0 0 1 0 1 1 1 1
900 1 1 0 0 0 1 0 1 0 0
901 0 0 0 1 0 0 1 1 0 1
902 0 0 0 1 0 1 0 1 1 1
903 1 1 1 1 1 0 1 1 1 0
904 1 0 1 1 1 0 1 0 0 0
905 0 0 0 1 0 1 0 0 1 0
906 0 1 0 1 1 1 0 0 0 0
907 0 0 0 1 0 0 1 1 0 0
908 0 0 0 0 0 0 1 0 1 0
909 1 1 1 1 0 1 1 0 0 1
910 0 1 0 0 1 0 1 1 1 0
911 1 0 0 1 0 0 1 1 1 0
912 0 1 1 1 1 0 1 1 1 0
913 1 0 0 0 1 0 0 0 1 1
914 1 1 0 1 0 0 0 1 1 1
915 0 1 0 1 0 1 1 1 1 0
916 0 1 1 0 0 1 0 1 1 0
917 1 1 1 0 0 1 1 1 1 0
918 0 0 0 1 1 1 0 0 0 1
919 1 0 1 1 0 1 1 0 1 0
920 1 0 1 0 1 0 1 0 0 0
921 0 0 1 1 0 0 1 0 1 0
922 1 1 0 1 0 1 0 0 1 0
923 1 0 0 0 1 1 1 1 0 1
924 1 1 1 0 1 1 1 1 0 1
925 1 0 0 0 1 0 0 0 0 0
926 0 0 0 1 0 1 0 0 1 0
927 1 1 0 1 0 0 0 1 1 1
928 0 1 0 0 0 0 0 1 0 0
929 1 1 1 0 0 1 0 0 0 1
930 1 0 0 0 1 1 0 0 1 0
931 0 0 0 1 1 0 1 1 0 0
932 1 1 1 1 0 1 1 1 1 1
933 1 0 1 1 1 1 0 0 0 1
934 1 0 0 0 1 1 1 0 1 0
935 0 1 0 1 0 1 0 1 0 0
936 1 0 1 0 0 0 0 1 0 1
937 1 1 1 0 0 1 0 0 1 1
938 0 0 0 0 1 0 0 1 0 0
939 1 1 1 1 0 0 0 0 0 1
940 0 0 1 0 1 1 1 1 1 0
941 1 0 1 0 0 0 0 1 0 1
942 1 0 0 0 1 0 0 0 1 0
943 0 0 1 1 1 1 1 0 1 1
944 1 1 0 1 1 1 1 0 0 1
945 0 1 0 0 0 0 0 1 0 1
946 0 0 1 1 0 0 1 1 1 1
947 1 0 0 1 0 0 0 1 0 1
948 1 1 0 0 1 0 0 1 0 1
949 1 0 0 0 1 0 0 0 0 1
950 1 0 1 1 0 0 0 0 0 1
951 1 0 0 0 0 1 0 0 0 0
952 0 1 0 0 0 1 0 0 0 0
953 1 1 1 1 1 0 1 1 1 0
954 1 0 1 0 1 0 1 1 1 1
955 1 1 0 0 0 0 0 0 0 0
956 0 1 1 1 1 0 0 1 0 1
957 1 0 0 1 0 1 1 1 1 0
958 1 1 1 1 1 1 1 1 1 0
959 1 1 1 0 0 1 0 1 0 1
960 0 1 0 0 0 0 1 1 0 0
961 0 1 0 0 1 0 0 1 0 0
962 1 1 0 1 1 0 1 1 0 0
963 1 1 0 1 0 1 0 1 1 1
964 0 0 1 1 1 1 0 1 0 0
965 0 0 1 1 1 0 0 0 0 0
966 1 0 1 1 0 1 1 1 0 0
967 0 0 0 1 1 0 0 1 0 0
968 0 0 0 0 0 1 0 0 1 1
969 0 0 1 1 0 1 0 0 0 0
970 1 1 0 1 1 0 0 0 0 1
971 0 1 1 0 1 0 1 0 1 1
972 0 1 1 0 1 1 0 1 0 1
973 0 0 1 1 1 1 1 0 1 1
974 1 0 0 0 1 1 0 1 1 0
975 0 0 1 1 1 1 1 1 1 1
976 1 0 0 1 0 0 0 1 1 0
977 1 1 0 0 1 1 1 0 1 1
978 1 1 0 1 0 1 0 1 0 1
979 0 1 1 1 1 0 0 1 1 0
980 0 1 1 1 0 0 0 0 0 0
981 1 1 0 0 1 1 0 1 1 1
982 1 1 0 1 1 1 0 0 1 0
983 1 0 0 0 1 1 1 0 1 1
984 1 0 1 0 0 1 0 1 0 1
985 0 0 1 1 1 1 1 0 1 1
986 0 1 1 1 0 0 1 1 0 1
987 0 0 1 1 1 0 0 1 0 1
988 1 1 0 0 0 0 0 1 0 0
989 1 0 0 1 0 1 0 0 1 1
990 0 1 0 0 1 0 1 1 0 1
991 1 1 1 1 0 1 0 1 0 1
992 0 1 0 1 1 0 0 0 0 0
993 1 1 1 1 1 1 0 0 0 1
994 0 1 0 1 1 1 1 1 1 1
995 1 1 1 1 0 0 1 1 1 0
996 0 1 1 1 0 0 0 0 1 0
997 0 0 0 1 1 1 0 0 1 0
998 1 0 0 0 1 0 0 0 0 0
999 1 0 1 1 1 0 0 0 1 1
1000 1 0 0 0 0 0 1 1 1 0
1001 0 1 1 1 0 0 1 0 0 1
1002 0 0 1 1 0 1 0 0 1 0
1003 1 1 1 1 0 0 0 0 0 1
1004 0 1 0 0 1 0 0 0 1 0
1005 1 0 0 0 0 1 0 0 0 0
1006 0 0 0 1 1 1 1 1 1 1
1007 1 1 0 0 1 1 1 1 1 1
1008 1 1 1 0 0 0 1 0 1 0
1009 0 0 0 0 0 0 0 0 1 0
1010 0 0 1 0 1 0 1 0 0 1
1011 1 0 0 1 1 1 0 0 1 0
1012 0 1 0 0 0 0 1 1 0 0
1013 1 1 0 0 0 0 0 1 0 0
1014 1 1 1 0 0 0 1 1 1 0
1015 1 1 1 1 1 1 0 1 0 0
1016 1 0 0 1 0 0 0 0 0 1
1017 1 1 1 1 0 0 1 0 1 1
1018 0 0 0 1 1 0 1 0 1 0
1019 0 1 0 0 1 1 0 0 0 1
1020 0 0 1 0 0 0 0 0 1 1
1021 1 0 1 0 0 0 1 0 1 0
1022 1 1 1 1 1 0 1 1 1 0
1023 1 1 1 1 0 0 0 1 1 1
1024 0 0 1 1 0 0 0 1 0 0
1025 1 0 1 1 1 0 1 1 1 0
1026 0 1 1 0 1 0 0 1 0 0
1027 0 0 1 0 1 1 0 0 1 1
1028 1 0 0 1 0 1 1 1 1 0
1029 1 0 1 1 1 0 0 1 1 1
1030 1 1 0 0 0 0 1 1 0 0
1031 0 1 0 1 1 1 1 1 0 0
1032 0 0 1 1 0 1 1 1 0 0
1033 1 0 0 0 0 0 0 1 0 1
1034 1 1 0 1 1 0 1 0 1 0
1035 1 0 1 0 0 0 0 1 1 1
1036 0 1 0 1 1 1 1 1 0 0
1037 0 0 1 1 1 0 1 0 1 0
1038 0 1 1 1 1 0 1 0 0 1
1039 0 0 1 1 0 0 0 0 1 1
1040 1 0 0 1 1 1 1 1 1 0
1041 0 1 1 1 0 1 0 0 0 0
1042 0 1 0 0 0 1 0 1 0 1
1043 1 0 1 0 0 0 1 1 0 0
1044 0 1 1 0 1 0 1 0 0 0
1045 1 0 1 0 1 1 0 1 1 0
1046 0 0 0 1 1 0 0 1 1 1
1047 1 1 0 1 1 0 0 1 0 0
1048 0 0 1 1 1 0 1 0 0 1
1049 1 0 0 1 0 0 0 0 0 1
1050 0 0 0 1 0 1 0 1 1 1
1051 1 0 0 0 0 1 0 1 0 0
1052 1 1 0 1 1 0 1 0 1 1
1053 0 1 0 0 0 0 0 1 0 0
1054 1 1 1 0 1 1 0 0 1 1
1055 1 1 0 0 0 0 1 0 1 0
1056 0 0 1 1 1 1 0 1 1 0
1057 1 0 1 1 1 0 0 1 1 0
1058 1 0 1 0 1 0 0 1 1 1
1059 0 0 1 1 0 0 0 1 0 1
1060 0 0 0 1 1 0 0 1 1 0
1061 1 0 1 0 0 1 1 0 0 0
1062 0 0 1 1 1 0 1 1 1 0
1063 0 0 1 1 1 1 0 1 1 0
1064 0 0 0 1 0 1 0 0 0 1
1065 1 1 1 1 1 0 0 0 1 1
1066 1 0 1 1 1 0 0 0 0 1
1067 0 0 1 0 1 0 0 1 1 1
1068 0 0 1 1 1 0 1 1 0 1
1069 1 0 1 0 1 0 0 1 1 0
1070 1 1 1 1 1 0 0 1 0 0
1071 0 1 0 1 0 1 0 0 0 0
1072 0 0 1 1 0 0 0 0 1 0
1073 1 0 0 1 1 0 0 1 0 1
1074 0 0 0 0 0 1 1 0 0 1
1075 1 0 1 1 1 0 1 1 1 0
1076 1 0 0 0 0 1 0 1 1 1
1077 1 1 1 0 0 0 1 0 0 0
1078 1 1 1 0 0 0 1 1 0 0
1079 0 0 0 0 0 0 1 1 0 1
1080 1 1 1 1 1 1 1 1 0 1
1081 0 1 0 0 1 0 0 1 0 0
1082 1 1 0 1 1 1 1 1 1 1
1083 0 1 0 1 1 0 1 0 0 1
1084 0 0 0 0 0 1 1 1 1 1
1085 1 0 0 0 0 0 0 1 1 0
1086 1 0 1 1 0 0 1 0 0 0
1087 0 0 0 1 1 0 1 1 0 1
1088 1 1 1 1 1 1 1 1 1 0
1089 1 1 1 0 1 1 1 1 0 1
1090 0 1 1 1 0 1 0 0 0 0
1091 1 1 0 1 1 0 1 0 1 0
1092 1 0 1 1 1 0 1 0 1 1
1093 0 0 0 1 0 0 1 1 0 0
1094 1 0 1 1 0 0 0 1 1 1
1095 1 0 0 0 1 0 1 0 0 0
1096 0 0 0 0 0 1 1 0 1 1
1097 0 0 1 0 1 1 0 1 0 1
1098 0 0 0 0 0 0 0 1 1 0
1099 1 0 0 1 0 0 0 1 1 0
1100 1 0 1 1 1 0 1 1 1 0
1101 0 0 1 1 0 1 1 0 0 0
1102 0 0 1 1 0 1 0 0 1 1
1103 1 1 1 0 0 1 1 0 1 1
1104 0 1 1 0 1 0 0 1 1 1
1105 1 1 1 0 1 0 0 1 0 0
1106 1 1 0 0 1 1 0 0 0 1
1107 1 1 1 1 1 1 1 0 1 1
1108 1 0 1 1 1 0 0 1 0 1
1109 0 1 1 0 1 1 1 1 0 1
1110 0 0 0 1 1 1 0 0 0 1
1111 1 1 1 0 0 0 0 1 0 1
1112 0 1 1 1 1 0 1 0 1 0
1113 1 1 0 0 0 1 0 0 0 1
1114 1 0 1 0 0 1 1 1 1 0
1115 0 1 0 1 1 1 1 1 1 0
1116 1 1 0 0 1 0 1 1 0 0
1117 1 1 0 1 0 1 1 0 0 0
1118 0 1 0 0 1 1 1 0 0 0
1119 0 0 1 1 0 0 0 0 1 1
1120 1 0 1 1 1 0 0 0 0 1
1121 1 0 0 0 1 0 0 0 1 0
1122 1 0 0 1 0 0 1 1 1 0
1123 0 0 1 1 0 1 1 0 1 1
1124 1 1 1 1 0 0 0 1 1 1
1125 1 1 0 1 0 0 1 1 1 0
1126 1 1 0 1 0 1 1 1 1 0
1127 0 1 0 1 1 0 1 1 1 1
1128 1 1 1 0 0 0 1 0 1 0
1129 1 1 0 1 0 1 0 0 1 1
1130 0 1 1 0 0 0 0 1 1 1
1131 0 1 0 1 0 0 0 1 0 1
1132 1 1 1 1 0 0 1 1 1 0
1133 0 1 0 1 1 0 1 1 1 1
1134 0 0 1 1 1 0 1 1 1 0
1135 1 0 0 0 0 0 0 1 1 0
1136 0 1 0 1 1 1 0 1 1 1
1137 0 1 0 1 0 1 0 0 1 0
1138 0 0 0 0 0 0 0 0 0 1
1139 1 1 1 1 1 0 0 0 1 0
1140 1 1 1 1 0 0 0 0 0 1
1141 1 1 0 0 0 0 0 0 1 1
1142 0 0 0 1 1 1 0 1 1 0
1143 0 0 0 0 1 1 0 1 0 1
1144 0 0 0 1 0 0 1 0 0 0
1145 0 1 0 1 1 1 0 0 1 0
1146 0 1 1 0 1 0 1 0 0 1
1147 1 1 1 1 1 0 1 0 1 1
1148 0 0 0 1 1 0 0 0 1 0
1149 1 0 0 1 1 0 0 1 0 0
1150 1 0 1 1 1 1 1 1 1 0
1151 0 0 0 1 0 0 1 1 1 1
1152 1 0 1 0 0 1 0 0 0 1
1153 1 1 1 0 0 1 1 0 0 0
1154 0 1 1 0 1 1 1 0 1 0
1155 1 1 0 1 1 0 1 0 1 1
1156 1 1 0 1 1 0 1 1 1 0
1157 1 0 0 1 1 0 0 0 0 1
1158 1 1 1 1 0 0 1 0 1 1
1159 1 1 1 1 1 1 0 1 1 0
1160 1 0 1 1 1 1 1 1 0 0
1161 0 1 0 0 1 1 0 1 1 1
1162 0 1 0 0 1 1 1 1 1 0
1163 1 1 0 0 1 1 0 1 1 0
1164 1 0 1 0 1 1 0 0 1 1
1165 1 1 1 1 1 0 1 1 0 0
1166 0 1 1 1 1 1 1 1 0 0
1167 0 1 1 1 0 1 0 0 1 0
1168 1 0 1 1 0 1 0 0 1 1
1169 1 0 1 1 1 0 0 1 1 0
1170 0 1 1 1 1 0 0 1 0 1
1171 1 1 1 1 0 1 1 0 1 0
1172 0 0 1 0 1 1 1 1 0 1
1173 1 1 1 0 0 0 0 0 0 1
1174 0 1 1 1 0 0 1 0 1 1
1175 0 1 0 1 1 0 1 1 1 1
1176 0 0 0 0 1 1 0 1 1 1
1177 0 1 0 0 1 0 0 1 0 1
1178 0 1 0 0 0 0 0 0 0 1
1179 0 1 0 1 1 1 0 0 0 1
1180 0 1 0 1 1 1 0 0 0 0
1181 0 1 1 1 1 1 1 0 0 1
1182 1 1 0 1 1 1 1 1 0 1
1183 1 1 1 1 0 1 1 1 1 1
1184 1 0 1 1 1 0 1 0 0 1
1185 0 0 1 1 1 1 1 0 0 1
1186 0 1 1 0 0 0 0 0 1 0
1187 0 0 0 0 1 0 0 0 1 1
1188 0 0 0 0 1 0 1 1 0 0
1189 0 1 1 1 0 0 1 1 1 0
1190 0 1 0 1 1 0 1 1 0 1
1191 0 1 0 1 0 0 1 0 0 0
1192 1 0 0 1 1 0 0 1 1 1
1193 0 0 1 0 0 1 1 1 0 1
1194 0 1 0 1 0 1 1 1 0 0
1195 0 1 1 1 0 0 0 1 0 0
1196 1 0 1 0 0 0 0 1 0 1
1197 1 1 1 1 1 0 1 1 0 1
1198 0 1 1 1 0 0 0 1 0 1
1199 1 0 0 0 1 1 1 1 0 1
1200 1 1 0 0 1 1 0 1 0 0
1201 1 0 1 0 0 1 1 0 1 0
1202 1 1 0 0 0 0 0 1 1 1
1203 0 0 1 0 0 0 0 0 1 0
1204 0 1 1 0 0 1 1 1 0 1
1205 1 1 0 1 0 1 0 1 1 1
1206 0 1 1 1 0 1 1 0 0 1
1207 0 1 1 0 1 0 1 0 1 1
1208 1 0 0 0 1 1 1 1 0 1
1209 0 1 1 1 0 1 0 0 1 1
1210 1 0 0 1 0 1 1 1 1 1
1211 1 1 1 0 0 1 1 0 1 1
1212 1 0 0 1 1 1 1 1 0 0
1213 1 0 0 1 0 0 0 1 1 0
1214 0 0 1 0 0 1 1 1 1 1
1215 1 1 1 0 1 0 1 1 1 1
1216 1 1 0 1 0 1 1 1 0 0
1217 1 0 1 0 1 1 0 1 0 1
1218 1 1 1 1 1 0 0 0 0 1
1219 0 1 0 1 1 1 1 0 1 0
1220 0 0 1 1 1 1 1 1 0 0
1221 1 1 0 0 1 1 1 1 1 0
1222 1 1 1 0 0 0 0 1 1 0
1223 1 1 1 1 0 1 1 0 0 1
1224 0 1 0 0 1 0 1 1 1 0
1225 0 0 1 0 1 0 0 1 0 0
1226 1 1 1 1 1 1 0 1 1 0
1227 1 0 0 0 1 0 1 1 0 1
1228 1 1 0 0 1 0 0 0 0 1
1229 0 1 1 0 1 0 0 0 1 0
1230 0 0 0 1 1 0 0 1 0 1
1231 1 1 0 1 1 0 1 0 1 0
1232 1 1 0 1 0 0 1 1 0 1
1233 0 1 1 1 0 0 1 0 1 0
1234 1 0 1 1 1 1 0 0 1 1
1235 0 1 1 0 0 0 0 1 0 1
1236 0 1 1 1 0 1 1 1 1 1
1237 1 1 1 0 0 0 0 0 1 0
1238 1 1 0 1 0 1 1 0 0 1
1239 0 1 1 0 1 1 0 1 0 1
1240 1 1 1 0 0 0 1 1 0 1
1241 1 1 0 0 1 0 1 0 1 1
1242 1 1 1 1 1 0 0 1 1 0
1243 1 0 1 1 0 1 0 1 0 0
1244 0 1 1 0 1 1 0 1 0 0
1245 0 1 1 0 1 0 0 0 1 1
1246 0 1 1 0 1 1 0 1 0 0
1247 1 1 0 1 1 1 0 1 0 0
1248 0 0 0 0 0 0 1 1 1 1
1249 0 1 1 0 1 1 0 0 1 0
1250 0 0 1 1 0 1 1 1 1 0
1251 1 0 0 0 1 0 0 0 0 1
1252 1 1 1 0 0 0 1 1 1 0
1253 0 1 1 1 1 1 0 0 0 1
1254 0 1 1 0 0 0 0 0 0 0
1255 1 0 1 0 1 1 0 0 1 1
1256 0 1 1 0 1 1 0 1 1 0
1257 0 1 0 1 1 1 1 1 1 1
1258 1 0 1 1 0 0 1 1 0 1
1259 0 1 0 0 1 0 1 0 1 0
1260 1 0 0 1 0 0 0 0 0 1
1261 1 0 0 1 1 0 0 1 0 1
1262 0 0 0 1 0 1 0 0 0 1
1263 0 0 1 1 0 1 1 0 1 1
1264 1 1 0 1 1 0 1 1 0 1
1265 1 0 0 0 0 0 0 0 1 1
1266 0 0 1 0 1 0 1 0 1 1
1267 0 0 1 1 1 1 1 0 0 0
1268 0 1 1 1 0 0 0 1 0 0
1269 1 1 0 1 0 1 1 1 0 1
1270 1 1 1 0 0 0 1 1 0 0
1271 0 1 1 0 1 0 0 1 1 0
1272 1 1 1 0 1 1 1 0 1 0
1273 1 0 1 0 1 0 1 1 0 0
1274 1 1 0 0 0 1 1 0 1 0
1275 1 1 1 1 0 1 0 0 1 0
1276 1 1 1 1 0 1 0 0 1 1
1277 1 0 1 1 0 1 0 1 0 1
1278 0 0 0 1 1 1 0 0 0 1
1279 1 1 0 1 0 0 0 0 0 0
1280 0 1 1 0 1 0 0 0 1 0
1281 0 1 1 0 0 0 0 1 0 1
1282 0 0 0 0 0 0 0 1 1 1
1283 1 1 1 0 1 0 0 0 1 1
1284 1 0 1 0 1 1 1 0 0 0
1285 0 0 0 0 1 1 1 0 1 0
1286 1 1 1 0 1 1 0 0 0 1
1287 1 1 1 1 1 1 0 0 0 1
1288 0 1 0 0 1 0 0 0 1 0
1289 1 0 0 1 0 0 0 0 1 1
1290 1 0 0 0 1 1 0 0 1 0
1291 1 0 1 0 0 0 1 1 1 1
1292 0 1 0 0 1 0 0 1 0 1
1293 1 1 1 0 0 1 0 0 0 1
1294 0 0 0 1 1 0 1 1 0 1
1295 0 1 1 1 1 1 1 1 1 0
1296 0 0 0 1 0 1 0 1 1 1
1297 0 1 0 1 0 1 1 0 1 0
1298 0 0 1 1 1 0 0 1 0 0
1299 0 1 1 0 1 1 1 0 1 0
1300 0 0 1 1 0 0 1 1 0 1
1301 0 1 1 0 0 0 0 0 1 1
1302 1 0 0 0 1 0 1 1 1 1
1303 0 0 1 1 1 0 0 0 0 1
1304 1 0 0 1 1 1 0 1 0 1
1305 0 0 0 1 1 1 0 0 1 0
1306 1 0 0 0 0 0 1 0 1 1
1307 1 1 1 0 1 0 0 1 1 0
1308 0 1 0 0 1 1 1 0 1 1
1309 0 1 0 1 1 0 1 0 1 1
1310 1 1 1 1 1 1 0 1 1 0
1311 0 1 0 1 0 0 1 0 1 1
1312 0 0 0 1 0 0 0 0 1 0
1313 0 0 0 0 0 0 0 0 1 0
1314 1 1 0 1 0 0 1 1 0 1
1315 0 0 0 0 1 0 1 0 0 1
1316 1 0 0 1 0 1 1 0 0 1
1317 1 1 1 1 1 0 0 1 0 0
1318 1 1 1 1 0 1 1 1 1 1
1319 0 1 1 0 1 0 0 1 1 1
1320 1 1 0 0 1 1 0 0 1 1
1321 0 0 0 1 0 0 0 0 0 1
1322 0 1 0 0 0 1 1 1 0 1
1323 0 1 0 1 1 1 0 1 0 1
1324 0 0 0 0 0 0 0 1 1 0
1325 0 1 0 0 1 1 0 0 1 0
1326 1 0 0 1 0 1 1 0 1 1
1327 0 1 0 1 1 1 1 0 0 0
1328 1 1 0 0 0 1 1 0 0 1
1329 1 0 0 1 1 1 1 0 0 1
1330 0 1 1 1 0 1 0 1 1 0
1331 0 1 1 1 1 0 1 0 0 1
1332 1 1 0 0 0 0 1 1 1 1
1333 0 0 1 1 0 0 1 0 0 0
1334 1 0 0 0 0 0 1 1 1 1
1335 1 0 0 0 1 1 1 0 0 0
1336 0 1 0 0 1 0 1 0 0 1
1337 0 1 1 0 0 1 1 0 1 1
1338 1 0 0 1 0 0 1 1 1 0
1339 0 0 0 1 1 0 1 1 0 1
1340 1 1 0 1 1 1 0 1 0 1
1341 1 0 1 0 0 0 1 0 1 0
1342 0 1 1 0 1 1 1 0 1 0
1343 1 0 0 1 1 0 1 0 0 1
1344 0 0 1 0 1 0 1 0 0 0
1345 0 0 0 1 0 1 0 1 1 0
1346 0 0 0 0 1 1 1 0 0 0
1347 0 1 0 1 0 0 1 1 0 0
1348 1 0 1 1 0 1 0 1 1 1
1349 0 1 0 1 1 1 0 1 1 0
1350 1 0 0 0 0 1 1 0 0 0
1351 0 0 1 0 0 1 0 1 0 1
1352 1 0 1 1 0 1 0 0 1 1
1353 1 1 0 0 1 1 1 0 1 1
1354 0 0 0 1 0 0 1 0 1 1
1355 1 0 1 1 1 0 0 1 1 1
1356 1 1 1 0 1 0 1 0 1 1
1357 1 0 0 0 1 0 1 0 1 1
1358 0 0 0 0 0 1 1 1 1 0
1359 1 1 1 1 0 0 1 0 1 0
1360 1 1 1 0 1 0 1 1 1 0
1361 0 0 0 0 1 1 0 1 0 1
1362 0 0 1 0 1 1 0 0 1 0
1363 1 0 1 0 1 0 1 0 0 1
1364 0 0 0 0 0 1 1 1 1 0
1365 1 0 1 1 0 1 1 0 0 0
1366 1 0 0 0 0 0 1 1 1 1
1367 0 0 1 0 1 0 1 1 0 1
1368 1 0 1 1 1 1 0 1 1 1
1369 1 0 0 0 0 0 0 1 0 1
1370 0 0 0 1 1 1 1 1 0 1
1371 0 1 0 0 0 0 1 0 0 0
1372 1 1 0 0 0 1 1 0 1 0
1373 0 1 0 1 0 1 0 1 1 0
1374 0 1 1 1 1 1 1 0 1 0
1375 0 1 0 0 0 1 1 1 0 0
1376 1 0 1 0 0 0 1 0 1 0
1377 1 0 0 0 0 0 1 0 1 0
1378 0 0 1 1 0 0 1 0 1 0
1379 0 1 0 1 1 0 0 0 0 1
1380 1 1 0 0 1 1 1 0 1 0
1381 1 1 1 0 0 1 0 0 1 1
1382 1 0 0 0 1 0 1 0 1 1
1383 1 0 0 0 1 1 1 0 1 1
1384 0 1 0 1 0 0 1 1 1 1
1385 0 1 0 0 0 0 0 0 0 1
1386 1 0 0 1 1 1 0 0 0 1
1387 0 1 1 1 1 1 1 0 0 1
1388 1 0 0 0 0 0 0 0 0 0
1389 1 1 0 0 0 1 0 1 0 1
1390 0 1 0 0 1 0 1 1 0 0
1391 0 1 0 0 0 0 0 1 1 0
1392 1 1 1 0 1 1 0 1 0 1
1393 1 0 1 0 1 0 0 0 1 0
1394 1 1 0 1 0 1 1 0 1 1
1395 0 1 1 1 1 1 0 1 1 1
1396 1 0 1 1 0 1 1 1 1 0
1397 1 0 1 1 1 0 0 1 0 1
1398 1 1 0 1 1 1 0 0 0 0
1399 1 1 1 1 0 0 0 1 0 0
1400 1 0 0 1 1 1 0 1 1 0
1401 0 0 1 1 1 1 1 0 1 1
1402 0 0 0 0 0 1 1 1 1 0
1403 0 1 0 1 0 1 1 0 1 0
1404 0 0 1 1 0 0 0 1 1 1
1405 1 0 0 1 1 1 1 1 1 0
1406 0 1 1 1 1 1 1 0 1 1
1407 0 1 0 0 1 0 0 0 0 1
1408 1 1 1 1 1 1 1 0 0 0
1409 1 1 1 1 1 0 0 1 0 1
1410 1 1 0 1 0 1 1 0 0 0
1411 0 1 1 0 1 0 0 1 0 0
1412 1 0 1 0 1 1 1 1 0 0
1413 0 0 0 1 1 0 0 0 0 0
1414 0 1 0 0 0 1 0 0 1 0
1415 0 0 1 0 0 0 1 0 0 0
1416 1 0 1 1 1 1 0 0 1 0
1417 1 0 1 1 1 1 0 0 1 0
1418 1 1 1 1 0 0 0 1 1 0
1419 1 1 0 0 1 0 1 0 0 0
1420 0 1 0 1 1 1 0 1 0 0
1421 0 0 0 1 1 0 0 0 1 1
1422 1 0 1 0 0 0 0 1 1 0
1423 1 1 0 0 1 1 1 0 1 0
1424 1 0 0 0 0 0 1 1 1 0
1425 1 0 1 0 0 0 0 1 1 1
1426 1 0 0 0 1 1 1 0 0 0
1427 0 1 1 1 1 1 1 0 0 0
1428 0 0 0 0 0 0 0 0 0 0
1429 0 0 0 1 1 0 1 0 1 1
1430 1 0 0 0 1 0 0 1 0 1
1431 0 1 0 0 1 1 0 1 1 1
1432 1 1 0 1 1 0 0 0 1 1
1433 0 1 1 1 1 1 1 1 1 1
1434 1 1 1 1 1 0 0 1 0 1
1435 0 0 0 0 1 1 0 0 1 1
1436 1 0 0 0 1 1 1 0 0 1
1437 1 1 0 1 0 0 1 1 1 0
1438 0 1 1 1 1 1 0 0 1 0
1439 0 1 0 1 1 1 1 0 1 0
1440 0 1 1 0 0 0 1 1 0 1
1441 1 1 0 0 1 0 1 0 0 1
1442 0 0 0 1 1 1 1 0 0 0
1443 1 0 0 0 1 0 0 1 1 1
1444 0 1 0 0 1 1 1 0 1 0
1445 1 0 1 1 0 1 1 1 1 1
1446 1 1 0 1 1 1 1 1 0 0
1447 1 1 0 0 1 0 0 0 0 1
1448 0 0 1 0 0 1 1 0 1 1
1449 0 0 0 1 1 0 0 1 0 0
1450 0 0 0 0 0 1 1 0 1 0
1451 0 1 1 0 0 0 1 0 0 0
1452 0 0 1 1 1 0 1 0 1 0
1453 0 0 1 0 0 0 1 1 0 0
1454 1 1 0 1 1 1 1 0 0 0
1455 0 1 0 1 0 0 0 0 1 1
1456 1 0 1 1 1 1 1 0 1 0
1457 1 1 0 1 0 1 1 1 0 1
1458 1 0 1 1 1 0 0 1 0 1
1459 1 0 1 1 1 0 0 0 1 0
1460 0 1 1 0 0 1 1 1 0 1
1461 1 0 1 0 0 0 0 0 1 1
1462 1 1 0 0 0 1 1 0 1 0
1463 0 1 1 1 1 1 1 0 0 1
1464 0 1 1 0 0 1 1 1 1 0
1465 0 0 0 0 1 1 1 1 0 1
1466 0 1 0 0 0 1 1 1 0 1
1467 1 0 1 1 0 1 1 1 0 1
1468 0 0 0 0 0 0 1 1 1 0
1469 0 0 0 1 0 0 1 0 0 0
1470 1 1 1 0 1 1 1 1 0 1
1471 1 1 1 1 1 1 0 1 0 1
1472 0 0 1 0 1 1 0 1 1 0
1473 0 0 0 1 0 1 0 1 0 1
1474 1 1 0 1 0 1 1 1 1 0
1475 1 0 0 0 1 0 1 1 1 0
1476 0 0 1 1 0 0 1 1 1 0
1477 1 0 1 1 0 0 1 0 0 1
1478 1 0 1 0 1 1 1 0 1 0
1479 0 0 0 0 1 1 0 0 0 1
1480 0 1 0 0 0 0 1 0 1 1
1481 1 1 0 0 0 1 1 1 1 1
1482 1 0 1 1 1 1 0 1 0 1
1483 0 1 0 0 1 0 1 0 0 1
1484 1 1 0 0 0 1 1 1 1 1
1485 1 0 1 1 0 0 0 1 0 0
1486 1 1 0 1 0 1 0 1 0 1
1487 0 0 1 1 1 1 0 0 0 0
1488 0 0 0 1 1 0 1 1 1 0
1489 1 1 0 0 0 1 1 0 0 0
1490 0 1 1 0 1 0 0 0 0 1
1491 0 1 0 0 1 0 0 1 1 1
1492 1 0 1 1 0 0 1 1 1 1
1493 1 0 0 1 0 0 0 0 1 0
1494 1 0 0 0 0 0 1 1 0 0
1495 0 1 1 1 1 0 1 0 0 0
1496 0 1 1 0 0 1 1 1 1 1
1497 0 0 1 1 1 1 0 0 0 0
1498 1 1 1 1 0 0 1 1 0 1
1499 1 0 1 0 1 1 0 0 0 1
1500 1 0 1 1 0 0 0 1 0 0
1501 0 1 1 0 1 0 1 1 0 0
1502 0 1 1 1 0 0 0 0 1 1
1503 1 0 0 1 0 0 0 0 0 0
1504 1 1 0 0 0 1 1 0 1 1
1505 0 0 0 1 1 1 1 1 1 1
1506 0 0 0 0 0 0 1 0 0 1
1507 1 0 0 0 1 1 1 1 1 0
1508 0 0 0 1 0 1 0 1 0 1
1509 0 0 1 1 0 0 1 1 1 0
1510 1 1 1 0 0 1 0 1 0 0
1511 1 1 1 0 1 0 1 0 1 0
1512 1 1 1 1 1 0 0 0 0 0
1513 0 0 1 1 1 0 0 0 0 0
1514 1 1 1 1 0 1 0 1 0 1
1515 0 0 0 1 0 0 0 0 0 0
1516 0 1 0 1 0 0 0 1 1 1
1517 1 1 0 0 1 1 0 0 0 0
1518 0 1 0 0 0 1 1 0 1 1
1519 1 1 1 0 0 0 1 1 0 0
1520 1 0 1 0 0 0 0 0 1 0
1521 0 1 0 1 0 1 1 0 0 0
1522 1 0 0 0 1 1 1 1 0 1
1523 1 0 1 0 1 1 0 1 0 0
1524 0 0 0 0 0 1 0 1 1 1
1525 1 1 1 0 1 1 0 1 1 1
1526 1 0 1 1 1 1 1 1 0 0
1527 1 1 0 1 0 1 1 0 1 1
1528 0 0 0 0 0 0 1 1 0 0
1529 1 1 1 1 1 0 1 0 0 1
1530 0 1 0 0 1 1 0 0 1 1
1531 1 1 0 1 1 1 0 0 1 0
1532 0 0 1 1 1 1 1 1 1 1
1533 0 0 1 0 1 0 0 1 1 0
1534 1 1 1 0 1 1 0 1 0 0
1535 0 0 1 1 0 1 1 1 1 1
1536 1 1 1 1 0 1 0 1 1 1
1537 1 1 0 0 0 1 0 0 1 0
1538 0 0 1 1 0 1 1 0 1 1
1539 1 1 0 1 1 0 1 0 1 0
1540 0 1 0 0 0 0 0 1 0 0
1541 0 0 1 0 0 0 1 0 0 1
1542 1 1 1 1 1 0 1 0 1 1
1543 0 0 1 0 1 0 1 1 1 1
1544 0 0 0 1 0 0 1 1 0 0
1545 1 1 0 1 0 1 1 0 1 0
1546 1 0 1 1 0 1 1 0 0 1
1547 1 0 0 0 1 0 1 0 1 1
1548 1 0 1 0 0 1 0 0 0 1
1549 0 0 1 0 0 0 0 1 1 1
1550 0 0 0 0 0 1 1 0 0 0
1551 0 0 0 0 1 0 0 1 0 1
1552 1 1 1 1 0 0 1 1 1 1
1553 1 0 1 0 0 0 1 1 1 0
1554 1 1 0 0 1 0 0 1 1 0
1555 0 0 0 0 0 0 1 1 1 0
1556 1 0 1 0 1 0 1 1 1 1
1557 0 0 1 0 1 0 1 0 1 1
1558 0 0 0 1 1 0 0 0 0 1
1559 0 0 0 0 1 0 0 0 1 1
1560 1 1 0 0 0 1 0 0 1 1
1561 0 0 1 1 1 0 0 0 1 1
1562 1 0 1 0 1 0 0 1 0 1
1563 1 1 1 1 0 1 1 0 0 0
1564 0 1 0 1 0 0 1 0 0 1
1565 1 1 1 0 1 0 0 0 1 0
1566 0 0 0 0 1 0 1 1 0 1
1567 1 0 0 0 1 1 1 1 1 1
1568 0 0 1 1 1 1 1 0 0 0
1569 0 1 1 1 1 0 0 1 1 1
1570 1 1 1 1 1 0 1 0 0 0
1571 1 0 0 0 0 0 1 1 0 0
1572 1 1 0 0 1 0 1 1 1 1
1573 1 0 1 1 0 1 1 0 1 1
1574 0 1 1 1 1 0 1 1 0 0
1575 0 1 0 0 0 1 1 0 1 1
1576 1 0 1 1 1 1 1 1 0 1
1577 1 0 0 1 0 1 1 1 0 1
1578 0 1 0 0 0 0 1 0 1 0
1579 0 1 1 1 1 1 1 0 0 1
1580 1 1 0 1 0 0 0 0 1 0
1581 1 1 1 0 0 1 0 0 1 1
1582 1 1 1 0 0 0 0 0 1 1
1583 1 0 1 0 0 1 1 0 0 1
1584 0 0 1 1 1 0 1 1 0 1
1585 1 0 0 1 1 1 1 0 0 0
1586 0 0 1 1 1 0 1 1 0 1
1587 0 0 0 1 1 1 0 0 1 1
1588 1 0 0 1 1 0 0 1 0 0
1589 0 0 0 1 1 0 0 0 1 0
1590 1 1 1 0 0 0 0 1 0 1
1591 1 0 0 0 1 0 1 1 1 1
1592 0 1 0 0 0 1 1 0 0 0
1593 1 0 0 1 1 1 0 0 1 0
1594 1 1 0 0 1 1 0 0 0 1
1595 1 0 0 1 0 1 1 0 0 0
1596 1 1 1 0 1 1 0 1 1 1
1597 1 1 0 0 0 0 0 1 1 1
1598 0 0 1 1 0 1 0 0 1 0
1599 1 0 0 1 0 0 1 0 0 1
1600 1 1 1 0 0 0 1 0 0 1
1601 1 0 1 1 0 1 1 0 0 0
1602 1 1 1 1 1 0 1 0 0 1
1603 0 1 0 0 1 0 1 0 0 1
1604 1 1 1 0 0 0 0 1 1 0
1605 1 1 0 1 0 1 1 0 1 0
1606 0 0 1 1 1 1 1 1 0 0
1607 1 0 1 0 0 1 1 0 0 1
1608 1 1 0 1 0 1 0 1 1 0
1609 1 1 0 0 1 0 1 1 1 0
1610 1 0 1 1 1 1 0 0 1 0
1611 0 1 1 0 0 1 1 1 0 1
1612 0 1 0 0 0 1 1 0 1 0
1613 1 0 1 0 1 0 1 1 1 0
1614 0 0 0 1 1 0 1 1 0 0
1615 1 0 1 0 1 0 1 0 0 1
1616 1 1 0 0 0 1 1 0 1 0
1617 1 1 0 0 0 0 1 1 1 0
1618 1 1 1 1 0 1 1 0 0 0
1619 0 1 1 0 0 1 0 0 1 1
1620 1 0 0 1 1 1 0 1 0 0
1621 1 0 1 1 1 0 1 1 0 1
1622 1 1 1 1 0 0 1 1 1 0
1623 1 1 0 0 0 0 1 1 0 1
1624 1 0 0 1 1 1 1 1 1 0
1625 0 1 1 1 0 1 0 0 1 0
1626 0 0 0 0 0 0 0 1 0 0
1627 1 0 1 0 1 0 1 0 0 0
1628 0 1 0 0 1 0 1 0 1 1
1629 0 1 1 1 1 1 0 0 0 1
1630 0 0 1 0 1 1 0 0 0 1
1631 0 0 0 0 1 0 0 0 1 0
1632 1 0 0 0 1 0 1 1 1 1
1633 1 0 1 1 1 1 0 1 1 1
1634 1 1 0 0 0 1 1 0 1 1
1635 0 1 1 0 1 0 1 0 0 1
1636 0 1 0 1 0 1 1 1 1 1
1637 0 0 1 1 1 0 0 1 0 0
1638 0 0 1 1 0 0 1 1 1 0
1639 0 1 0 1 1 1 0 0 0 0
1640 0 0 0 1 0 0 1 1 1 0
1641 0 1 1 1 1 0 1 0 0 0
1642 1 0 1 0 0 0 1 1 0 1
1643 0 0 0 1 0 0 1 1 1 1
1644 0 0 1 0 1 0 0 0 1 1
1645 1 0 0 1 0 0 0 1 0 1
1646 0 1 1 0 0 0 1 1 1 1
1647 0 1 1 0 0 1 1 1 0 1
1648 0 1 0 1 0 1 1 1 1 1
1649 0 1 1 0 1 0 1 1 0 0
1650 1 1 0 1 1 1 1 0 0 0
1651 1 1 1 1 0 1 0 0 0 0
1652 0 0 0 0 1 1 0 1 1 0
1653 0 1 0 0 1 0 1 1 1 1
1654 0 0 1 0 0 1 0 1 1 1
1655 1 1 0 1 1 0 1 1 1 0
1656 0 1 0 0 1 1 1 0 0 1
1657 0 0 1 1 0 0 1 1 1 0
1658 0 1 1 0 1 0 1 0 1 1
1659 1 1 1 1 1 1 0 0 1 0
1660 0 1 1 0 0 0 1 0 0 1
1661 1 0 0 1 1 1 0 1 0 0
1662 0 0 1 1 0 1 0 0 0 1
1663 1 1 0 0 0 0 1 0 1 1
1664 1 0 1 1 0 0 0 1 0 0
1665 0 1 1 1 1 0 1 1 1 0
1666 1 0 0 1 1 0 0 1 0 0
1667 0 1 1 1 0 1 1 1 0 0
1668 0 1 1 0 0 0 1 1 0 1
1669 1 0 0 1 0 0 0 0 0 1
1670 1 0 1 0 1 0 1 1 0 0
1671 0 1 0 1 0 1 0 0 0 0
1672 1 0 1 1 1 0 1 1 1 1
1673 1 1 0 0 1 1 1 0 1 0
1674 0 1 1 0 1 1 0 0 1 0
1675 0 1 0 0 1 1 0 1 1 1
1676 0 0 1 0 0 0 1 1 1 0
1677 1 1 1 1 0 0 1 0 1 0
1678 1 0 0 1 0 0 1 1 1 1
1679 0 0 1 0 1 1 0 0 1 1
1680 1 1 1 1 1 0 1 0 1 0
1681 0 0 1 0 1 0 1 0 0 0
1682 0 0 0 1 1 1 1 0 0 0
1683 1 0 1 1 1 1 1 1 0 1
1684 1 0 1 1 1 1 0 1 0 0
1685 0 1 0 1 1 0 1 0 0 1
1686 1 1 1 0 0 1 0 0 1 0
1687 0 1 0 1 0 0 1 0 1 1
1688 1 0 0 1 1 0 0 0 1 1
1689 1 0 1 0 0 1 0 0 1 0
1690 0 0 0 0 0 0 0 0 1 1
1691 0 1 0 0 0 0 0 0 0 1
1692 0 0 1 0 0 1 1 1 1 1
1693 0 0 0 0 0 0 1 0 1 0
1694 1 1 0 0 0 0 1 1 0 0
1695 1 0 1 1 0 1 1 0 0 0
1696 1 0 1 0 1 1 1 0 1 1
1697 1 1 1 0 1 0 1 0 1 0
1698 1 0 1 1 1 1 0 0 0 0
1699 1 0 1 0 0 0 1 0 1 0
1700 1 0 1 1 0 0 1 0 1 1
1701 1 1 0 0 1 1 1 0 1 1
1702 0 0 0 1 1 0 0 1 1 0
1703 1 0 1 0 1 0 1 0 0 1
1704 1 1 1 1 0 1 1 0 0 1
1705 1 0 0 1 1 1 1 0 1 0
1706 1 1 1 1 1 0 0 0 0 0
1707 0 0 1 0 0 0 0 0 0 0
1708 1 1 1 1 0 1 1 1 0 1
1709 0 1 1 1 0 1 0 0 1 1
1710 1 0 0 0 0 1 0 1 1 1
1711 1 0 0 0 0 0 0 1 0 1
1712 1 0 1 1 0 0 1 0 0 0
1713 0 1 1 0 1 1 0 0 0 0
1714 1 0 0 1 1 0 0 0 0 1
1715 1 0 0 0 1 1 0 1 0 1
1716 1 1 0 1 0 0 0 0 0 0
1717 0 0 1 0 0 0 0 0 0 1
1718 1 0 0 0 0 0 1 0 0 0
1719 0 0 1 1 1 1 1 0 1 1
1720 1 0 1 0 1 1 0 0 1 1
1721 0 1 1 1 1 0 0 1 1 0
1722 0 0 1 0 1 1 0 1 1 1
1723 0 0 1 1 0 0 1 1 1 0
1724 0 1 1 1 0 1 0 0 0 0
1725 1 0 0 1 0 1 0 0 0 0
1726 1 1 1 0 0 0 1 0 1 1
1727 0 1 0 1 0 0 1 0 0 0
1728 0 1 0 1 0 0 1 1 1 0
1729 0 0 0 1 0 1 1 0 1 1
1730 1 1 1 1 1 0 0 1 0 1
1731 1 0 0 1 0 1 0 1 0 1
1732 1 1 0 0 1 0 1 0 1 1
1733 0 0 1 1 1 1 0 0 0 0
1734 0 0 0 1 0 0 1 0 1 1
1735 1 0 1 0 0 1 0 1 1 1
1736 1 0 1 0 1 0 1 1 1 0
1737 0 0 0 1 1 1 0 0 1 0
1738 1 1 1 1 0 0 0 1 0 1
1739 0 1 0 1 1 0 0 1 0 1
1740 0 1 0 0 0 1 1 1 0 1
1741 1 1 0 1 1 1 0 1 1 0
1742 1 1 0 1 0 0 0 0 0 1
1743 0 0 1 0 1 1 1 0 1 1
1744 1 1 1 0 0 0 1 1 0 0
1745 1 1 0 1 0 1 1 0 1 0
1746 1 1 1 1 0 1 1 0 0 0
1747 0 1 1 0 1 0 0 0 0 0
1748 1 1 0 0 0 0 1 0 0 0
1749 1 1 1 1 1 1 0 0 1 1
1750 1 0 0 1 1 1 0 0 0 1
1751 1 1 0 0 0 1 1 0 1 1
1752 1 0 0 1 0 1 1 0 0 1
1753 1 1 1 0 0 1 1 1 1 1
1754 0 0 1 1 0 0 1 1 0 0
1755 1 1 0 0 0 1 0 0 0 0
1756 0 1 0 0 0 1 0 1 1 1
1757 1 0 1 1 0 0 1 0 1 0
1758 0 0 0 1 0 1 1 0 1 1
1759 1 0 1 1 1 1 1 1 1 0
1760 0 1 0 0 0 1 1 0 1 0
1761 1 1 1 0 1 0 0 1 0 1
1762 0 0 0 1 1 1 0 1 0 1
1763 0 1 1 0 1 1 1 1 1 1
1764 0 0 0 1 0 1 0 1 0 0
1765 0 1 1 1 0 1 1 0 0 1
1766 1 1 0 0 1 1 0 0 1 0
1767 1 1 1 1 0 1 0 1 1 0
1768 1 0 1 1 0 0 1 1 0 0
1769 0 1 0 1 1 0 0 0 1 1
1770 1 1 1 1 0 0 1 0 0 1
1771 0 0 1 0 1 1 0 1 0 1
1772 1 1 0 1 0 1 0 1 1 1
1773 1 0 0 0 1 1 0 0 0 1
1774 1 1 0 1 0 0 1 0 1 0
1775 0 0 1 1 1 1 0 1 0 1
1776 0 0 1 0 0 1 1 0 1 0
1777 0 0 1 1 0 1 0 0 0 0
1778 1 1 0 1 1 0 1 1 0 1
1779 1 0 1 1 0 0 1 1 0 1
1780 0 1 0 0 1 0 1 1 1 1
1781 0 1 1 0 1 0 0 1 0 1
1782 1 1 0 1 0 0 1 1 1 0
1783 1 0 0 1 0 0 0 1 1 0
1784 1 0 0 1 0 1 1 1 1 0
1785 1 0 1 0 1 0 0 0 1 1
1786 0 0 0 1 1 0 1 0 0 1
1787 1 1 1 0 1 1 1 1 0 0
1788 0 0 1 1 0 1 0 1 1 1
1789 0 0 1 1 1 1 0 1 1 1
1790 1 0 0 0 1 1 1 1 1 0
1791 1 1 0 1 0 1 1 0 0 1
1792 1 0 1 0 1 1 1 1 0 0
1793 1 1 1 0 1 1 0 0 0 1
1794 0 0 0 0 1 0 1 0 1 0
1795 0 1 1 0 1 1 0 1 0 1
1796 1 1 0 0 0 0 1 0 1 0
1797 0 0 1 0 1 0 0 0 1 0
1798 0 1 0 0 1 0 0 1 0 0
1799 0 0 1 1 1 0 0 0 0 0
1800 1 1 0 0 0 0 1 1 0 0
1801 1 1 1 1 1 0 0 0 0 1
1802 1 1 1 1 0 1 1 1 1 0
1803 1 1 1 0 1 1 0 0 0 0
1804 0 0 1 1 0 1 1 1 1 1
1805 0 1 1 1 1 1 0 1 0 0
1806 0 0 1 0 1 0 1 0 0 1
1807 1 1 1 1 0 1 1 1 1 0
1808 0 0 0 1 1 0 0 1 1 1
1809 1 1 1 0 1 0 0 1 0 0
1810 1 0 0 1 1 1 1 0 0 0
1811 1 1 1 0 0 1 0 0 0 0
1812 1 1 0 1 0 0 0 1 0 1
1813 1 1 1 0 1 0 1 1 1 1
1814 0 0 1 0 1 1 0 1 1 0
1815 0 0 0 0 0 0 0 0 1 0
1816 1 1 1 1 0 0 1 0 0 0
1817 0 1 1 1 1 1 1 0 1 0
1818 1 0 1 1 0 0 1 1 0 1
1819 0 1 1 1 1 1 1 0 0 0
1820 1 1 1 0 1 1 1 0 0 0
1821 0 0 1 1 0 1 1 1 0 1
1822 1 0 0 1 0 0 0 0 1 1
1823 0 0 1 1 1 0 1 1 1 0
1824 1 0 1 1 1 1 0 1 1 1
1825 1 1 0 0 0 0 1 1 0 1
1826 1 1 0 1 0 1 0 0 1 0
1827 0 1 1 1 0 1 0 1 1 0
1828 0 1 1 0 0 0 1 1 1 0
1829 0 1 0 0 1 0 1 0 0 0
1830 0 0 0 1 1 1 0 0 1 0
1831 0 1 0 1 1 0 0 0 1 0
1832 1 0 0 0 0 0 0 1 0 1
1833 0 1 1 0 1 1 0 1 0 1
1834 1 0 0 1 0 1 1 0 0 0
1835 0 1 0 1 0 0 1 0 0 0
1836 1 1 1 0 0 1 1 1 0 1
1837 0 1 0 1 1 1 1 0 1 0
1838 1 0 1 1 1 1 0 1 0 1
1839 0 1 1 1 0 0 1 1 0 0
1840 0 1 1 1 0 0 0 0 1 1
1841 1 1 1 0 1 0 1 0 1 1
1842 1 0 0 1 1 1 0 1 1 0
1843 0 1 1 0 1 0 0 1 1 0
1844 0 1 1 1 1 1 0 0 1 1
1845 1 1 1 1 1 1 1 0 0 0
1846 1 1 1 0 0 0 0 0 1 0
1847 1 1 0 1 1 0 0 1 1 1
1848 0 1 0 1 1 1 0 1 1 0
1849 0 0 1 0 0 1 1 1 1 1
1850 1 1 1 0 1 1 1 1 1 0
1851 1 0 1 0 1 0 0 1 1 0
1852 0 1 1 1 1 0 0 1 1 1
1853 0 1 1 1 0 1 1 1 0 1
1854 1 0 0 0 1 1 0 0 1 0
1855 0 1 0 0 0 0 0 0 0 0
1856 0 1 0 0 1 1 1 1 0 1
1857 0 1 1 1 0 1 1 1 0 1
1858 1 0 1 1 0 1 1 1 0 1
1859 0 0 1 0 0 1 1 1 0 1
1860 1 0 0 0 0 0 1 0 1 0
1861 0 0 1 1 1 0 0 1 1 1
1862 1 1 1 0 1 0 0 1 0 1
1863 1 1 1 0 1 1 0 0 1 0
1864 1 0 1 0 1 0 1 0 0 1
1865 1 0 0 0 1 1 1 0 1 0
1866 0 1 1 1 0 0 1 1 0 1
1867 1 1 0 0 0 1 0 0 0 0
1868 0 1 1 1 0 1 0 0 1 0
1869 0 0 1 1 1 1 0 0 0 1
1870 0 0 1 1 1 0 0 1 1 1
1871 1 0 1 0 1 1 1 1 1 0
1872 0 1 0 1 1 1 1 1 0 0
1873 1 1 0 1 0 1 1 0 0 0
1874 1 1 1 1 1 1 0 1 0 1
1875 0 0 0 0 1 0 0 1 1 0
1876 1 0 0 0 1 1 0 0 0 0
1877 0 0 0 0 0 0 1 1 1 0
1878 1 0 0 0 1 1 1 0 1 1
1879 1 0 1 1 1 0 1 0 1 0
1880 1 0 0 1 0 1 0 0 1 1
1881 1 1 0 1 1 1 1 0 0 1
1882 0 1 0 0 0 0 1 1 0 1
1883 1 0 1 0 0 1 0 0 0 0
1884 0 0 1 0 1 0 0 0 1 0
1885 0 1 0 0 1 1 1 1 1 1
1886 0 1 1 1 1 0 1 0 0 1
1887 0 0 0 0 0 0 1 1 1 0
1888 1 0 1 0 0 0 1 0 0 1
1889 0 1 1 1 0 0 0 1 1 1
1890 1 1 0 0 0 0 0 1 0 0
1891 0 0 1 1 0 1 0 1 0 1
1892 1 1 1 1 1 0 1 1 0 1
1893 0 1 1 1 0 0 0 0 1 1
1894 1 0 1 0 0 1 0 1 1 1
1895 0 0 0 1 1 0 0 1 0 1
1896 0 1 1 0 0 0 1 0 1 0
1897 0 1 0 0 0 1 0 0 1 1
1898 0 0 1 0 1 0 0 0 1 1
1899 1 0 1 0 1 0 0 0 0 1
1900 0 0 1 0 1 0 1 1 1 0
1901 1 1 0 0 1 1 1 1 1 1
1902 1 1 1 1 0 1 1 0 0 0
1903 0 0 0 1 1 1 1 0 1 1
1904 1 0 1 0 0 0 1 0 1 1
1905 0 0 0 0 1 0 0 1 1 1
1906 1 0 0 1 1 0 1 0 1 1
1907 1 0 1 1 1 0 1 1 0 0
1908 0 1 0 0 0 1 0 1 1 1
1909 1 0 1 0 1 0 1 0 1 1
1910 0 1 1 0 1 1 1 1 1 0
1911 0 1 0 0 1 0 0 1 0 1
1912 1 0 0 0 0 0 1 1 0 0
1913 0 0 0 0 1 0 0 0 0 1
1914 0 1 0 1 0 1 1 0 1 1
1915 1 0 0 0 1 1 0 0 1 1
1916 1 1 0 0 0 0 0 0 1 0
1917 0 0 1 0 1 1 1 0 0 0
1918 1 1 0 0 1 0 0 1 0 1
1919 0 0 1 1 0 0 1 0 0 0
1920 0 0 1 1 0 0 0 0 1 0
1921 0 0 0 0 0 1 1 0 0 1
1922 1 0 1 0 0 0 1 1 1 1
1923 0 0 1 1 0 0 0 0 0 0
1924 1 0 1 1 1 1 0 1 0 0
1925 0 1 0 0 0 0 1 1 1 1
1926 1 0 1 0 1 1 0 1 0 1
1927 0 0 0 0 1 0 1 1 1 1
1928 0 0 1 0 1 1 1 0 1 1
1929 0 1 0 0 1 1 0 1 0 1
1930 0 0 0 0 0 1 1 1 0 1
1931 0 1 0 1 0 1 1 1 1 0
1932 0 1 0 0 1 1 1 1 0 1
1933 0 0 1 1 1 1 1 0 0 1
1934 1 1 1 0 1 0 1 0 1 1
1935 0 0 0 0 0 1 0 1 0 1
1936 1 1 0 0 1 0 0 0 0 1
1937 1 0 0 0 1 0 0 0 1 1
1938 1 1 0 1 0 1 0 0 0 0
1939 0 0 1 0 0 1 1 0 1 1
1940 0 0 0 1 0 0 0 1 0 0
1941 0 0 0 1 1 0 1 1 1 0
1942 1 0 1 0 1 1 1 0 1 1
1943 0 1 0 1 1 0 0 1 1 1
1944 0 1 1 0 0 1 1 0 0 0
1945 1 0 1 0 1 0 1 1 1 0
1946 1 1 1 1 1 1 1 0 1 1
1947 1 1 0 1 1 0 1 1 0 1
1948 1 0 0 0 1 1 0 0 1 0
1949 0 1 1 1 0 0 1 1 1 1
1950 0 1 1 0 1 1 0 1 0 0
1951 1 1 0 1 0 0 0 1 0 1
1952 1 0 1 0 1 1 1 1 0 1
1953 1 1 0 0 1 0 1 0 0 0
1954 1 0 1 1 1 0 0 1 1 1
1955 1 1 0 0 1 1 0 0 0 0
1956 0 1 0 1 1 1 0 1 0 1
1957 1 1 1 0 0 0 1 0 1 0
1958 1 1 0 1 1 0 1 0 1 1
1959 0 1 1 0 1 1 0 0 1 0
1960 0 1 0 1 1 0 0 1 1 1
1961 1 1 0 1 1 1 1 1 0 1
1962 0 1 0 1 1 1 0 0 1 1
1963 1 0 0 0 0 0 0 0 0 1
1964 0 0 1 1 0 0 1 0 0 0
1965 0 0 0 1 1 1 1 1 0 1
1966 0 1 1 0 1 1 1 0 1 0
1967 0 1 0 0 0 0 1 1 0 0
1968 0 0 0 1 0 1 0 1 0 1
1969 0 1 0 1 0 0 0 0 0 0
1970 1 0 0 1 0 0 0 1 1 1
1971 1 1 1 1 1 1 1 0 1 1
1972 0 0 1 1 1 1 1 0 0 1
1973 1 1 1 0 1 1 0 1 0 0
1974 0 1 1 1 1 0 0 0 0 0
1975 1 0 1 1 0 1 1 0 0 0
1976 0 0 1 0 0 0 1 0 1 1
1977 0 0 0 1 1 0 0 1 1 1
1978 1 0 1 1 0 0 0 1 1 0
1979 0 0 1 0 1 1 1 0 0 0
1980 0 0 1 0 1 1 1 0 1 0
1981 0 0 0 0 1 1 1 1 1 1
1982 0 0 0 0 0 0 0 0 1 1
1983 1 1 0 1 0 1 1 1 0 1
1984 1 0 1 0 1 1 1 1 1 1
1985 1 1 0 1 1 0 0 0 0 0
1986 0 1 1 1 0 0 0 1 0 1
1987 0 0 1 1 1 1 1 1 1 1
1988 1 0 1 1 0 1 1 1 0 0
1989 1 1 0 1 1 0 1 1 0 1
1990 0 1 1 1 0 0 0 0 1 0
1991 1 0 1 1 0 1 1 0 0 1
1992 0 0 1 1 1 0 0 0 1 0
1993 1 0 1 0 1 0 0 0 1 1
1994 0 0 0 0 0 1 1 1 1 1
1995 0 0 0 0 0 1 0 0 1 1
1996 1 1 0 1 0 0 1 0 0 0
1997 0 0 0 1 1 1 1 0 1 1
1998 1 1 0 0 1 0 0 0 0 0
1999 0 0 0 0 1 0 0 1 1 1
2000 1 0 1 0 1 0 0 1 1 1
2001 1 1 0 1 0 0 1 1 1 0
2002 0 1 1 0 1 1 1 1 0 1
2003 1 0 0 1 1 0 0 1 1 1
2004 1 0 1 1 0 1 1 1 0 1
2005 0 0 0 0 1 1 0 0 0 0
2006 0 1 1 0 0 0 0 0 0 0
2007 1 0 1 1 0 1 1 0 0 0
2008 0 1 0 0 0 1 1 0 1 0
2009 1 0 1 1 0 0 1 1 1 0
2010 1 0 1 1 0 1 0 1 0 1
2011 0 1 1 0 1 0 1 1 0 1
2012 0 0 0 1 1 1 0 0 0 1
2013 1 1 0 1 0 0 1 1 0 1
2014 0 1 1 1 0 1 0 0 1 1
2015 1 1 1 1 1 1 1 1 1 1
2016 1 0 0 0 0 0 1 0 0 0
2017 0 1 1 0 1 0 0 0 1 1
2018 1 0 1 1 0 1 1 1 1 0
2019 0 0 0 0 1 0 0 1 1 0
2020 1 0 0 1 0 1 0 1 1 1
2021 1 1 0 1 0 1 0 1 0 1
2022 1 1 1 0 1 1 1 1 0 0
2023 1 0 0 1 0 0 1 0 1 1
2024 1 1 1 1 0 0 0 0 1 1
2025 0 0 0 0 1 1 0 1 0 1
2026 1 1 1 1 1 0 0 1 1 0
2027 0 0 1 1 1 1 0 1 0 1
2028 0 0 0 1 0 1 0 0 1 1
2029 1 1 1 0 0 1 1 1 0 0
2030 0 1 0 1 0 0 1 1 0 1
2031 0 0 1 0 0 1 1 0 0 0
2032 0 0 0 1 0 1 0 0 0 1
2033 0 1 1 1 1 0 0 1 0 0
2034 1 0 0 0 0 1 1 1 1 1
2035 1 0 0 1 1 1 1 0 0 1
2036 0 0 1 1 1 1 0 1 1 0
2037 1 1 0 0 1 1 0 1 0 0
2038 1 1 1 1 0 1 1 1 0 0
2039 0 0 1 1 1 0 1 1 1 1
2040 0 0 1 0 0 0 0 0 1 1
2041 0 1 0 1 0 0 1 0 1 1
2042 0 1 0 1 0 0 1 1 0 1
2043 0 0 1 0 1 1 1 0 0 1
2044 0 1 1 0 1 0 0 1 1 1
2045 1 0 1 0 1 0 1 1 0 1
2046 0 1 1 1 1 1 0 1 1 1
2047 0 1 1 0 0 1 1 0 1 0
2048 0 1 0 1 0 0 1 1 1 0
2049 0 0 1 1 0 0 0 0 0 0
2050 1 1 1 0 1 0 1 1 1 1
2051 0 1 0 0 0 0 0 1 0 0
2052 1 0 1 0 0 0 0 0 0 0
2053 1 0 1 1 1 0 1 1 1 0
2054 0 0 1 0 1 1 0 0 0 1
2055 0 1 1 1 1 0 1 1 0 0
2056 1 1 0 1 0 1 1 0 0 1
2057 1 1 0 1 0 0 0 0 0 1
2058 0 0 1 0 0 0 1 0 0 0
2059 0 0 0 1 0 1 1 1 1 1
2060 0 0 1 1 1 1 0 1 0 0
2061 0 1 0 0 1 1 0 0 0 1
2062 1 1 1 1 1 1 1 0 1 0
2063 1 1 0 0 1 1 1 0 0 0
2064 0 0 0 1 1 1 0 1 0 1
2065 1 0 1 0 1 0 0 1 0 1
2066 1 0 1 0 0 0 0 0 1 0
2067 1 1 1 0 1 0 1 0 1 0
2068 0 1 1 0 1 1 0 0 0 1
2069 1 1 0 1 1 0 1 1 0 1
2070 1 0 1 1 0 1 0 0 1 1
2071 0 1 1 1 0 0 0 0 1 1
2072 0 0 1 1 0 1 1 1 1 0
2073 0 1 1 1 0 1 1 0 1 0
2074 0 0 1 1 0 0 1 0 0 1
2075 0 0 0 1 0 0 0 0 1 0
2076 0 1 1 0 0 0 1 1 1 0
2077 1 1 1 1 1 1 1 1 0 0
2078 0 0 0 1 0 1 1 1 0 0
2079 0 0 1 0 0 1 1 0 0 0
2080 0 0 1 0 0 1 1 0 0 0
2081 1 1 1 0 1 0 1 1 0 0
2082 1 0 1 0 0 0 0 1 0 0
2083 0 1 1 1 0 0 0 1 0 0
2084 1 0 0 0 1 1 0 0 1 0
2085 1 0 1 0 0 1 1 1 0 1
2086 0 0 0 0 1 1 0 0 0 0
2087 1 1 0 0 0 0 0 1 0 1
2088 0 1 1 1 0 1 0 0 1 1
2089 1 1 0 0 1 1 1 1 0 0
2090 0 0 1 1 0 1 0 0 0 0
2091 0 0 1 0 1 1 1 0 0 0
2092 1 0 0 0 0 1 1 1 1 0
2093 0 0 0 0 1 1 1 0 1 0
2094 1 1 0 0 0 0 0 0 0 0
2095 1 1 1 0 0 0 0 1 1 0
2096 1 0 0 1 0 0 0 1 1 0
2097 0 0 0 1 0 1 1 1 1 0
2098 1 1 0 1 1 0 0 1 0 0
2099 0 0 0 1 1 1 0 0 1 0
2100 1 1 0 0 1 1 1 0 0 0
2101 0 0 0 1 1 1 1 1 0 1
2102 0 1 0 0 0 0 1 0 1 0
2103 0 0 0 0 1 1 1 0 0 1
2104 0 0 1 1 0 0 0 1 1 1
2105 0 1 1 1 0 0 1 0 1 1
2106 1 0 0 1 1 1 0 0 0 1
2107 1 0 0 1 1 1 1 0 0 1
2108 1 0 1 0 0 0 0 1 0 0
2109 1 1 0 0 0 0 0 0 0 0
2110 1 1 0 0 0 0 1 1 1 1
2111 1 0 1 0 0 0 0 0 0 0
2112 1 1 1 1 1 1 0 0 0 0
2113 1 0 0 1 0 0 1 1 1 0
2114 1 0 1 1 0 1 1 0 1 0
2115 0 0 0 1 1 0 0 1 0 0
2116 1 0 0 0 1 1 1 1 0 0
2117 0 0 1 0 1 0 1 0 1 1
2118 0 1 1 1 1 1 1 1 0 1
2119 1 0 1 1 1 0 1 0 0 0
2120 1 0 0 0 1 0 0 1 0 1
2121 1 1 0 1 0 0 1 1 0 0
2122 1 0 1 0 1 0 0 0 0 1
2123 1 0 0 0 0 0 1 0 1 0
2124 0 1 1 1 1 1 1 0 0 1
2125 1 1 1 1 0 0 1 0 1 1
2126 0 1 1 1 1 0 1 0 0 1
2127 0 0 1 1 0 0 0 0 1 1
2128 1 1 1 1 0 1 1 1 0 0
2129 0 1 0 0 0 0 1 0 1 0
2130 0 0 1 1 0 1 1 0 1 1
2131 1 1 1 0 0 0 0 0 1 0
2132 0 1 0 0 0 1 0 1 1 0
2133 1 1 1 0 0 0 0 0 0 0
2134 1 0 1 1 0 1 1 1 1 0
2135 0 0 0 0 1 0 1 0 1 0
2136 1 1 1 1 1 0 1 0 1 0
2137 0 1 1 0 1 1 0 1 0 0
2138 1 1 0 0 0 0 1 1 1 1
2139 1 1 1 0 1 1 0 0 1 0
2140 0 0 0 0 0 1 1 1 1 1
2141 1 0 1 1 0 0 0 1 0 1
2142 1 0 1 0 0 0 0 0 0 1
2143 1 1 0 0 0 1 0 1 1 1
2144 1 1 1 1 1 1 1 1 1 0
2145 0 0 1 1 1 0 1 1 0 1
2146 0 1 1 0 0 1 1 1 0 1
2147 0 0 1 1 1 0 0 1 0 0
2148 1 1 1 0 1 0 1 0 0 1
2149 1 0 1 1 0 0 0 0 0 0
2150 0 1 0 1 0 0 1 0 1 1
2151 1 1 1 0 0 0 1 0 1 1
2152 1 1 1 1 0 0 0 1 0 1
2153 0 1 0 1 1 0 0 1 0 0
2154 1 0 1 0 0 0 0 1 1 1
2155 1 0 1 0 1 1 0 0 1 1
2156 0 0 1 0 1 0 1 0 1 1
2157 1 1 1 1 0 1 1 1 1 0
2158 0 0 1 0 1 0 1 1 0 1
2159 1 1 0 1 0 0 0 0 0 0
2160 0 0 1 1 1 1 0 0 0 1
2161 1 1 0 1 0 0 1 0 1 0
2162 0 0 0 0 1 1 1 1 0 0
2163 0 0 0 0 0 0 1 0 1 1
2164 1 1 1 0 0 0 0 1 0 0
2165 1 1 1 1 0 1 1 1 1 0
2166 1 1 1 0 1 1 0 1 0 1
2167 1 0 1 1 0 0 0 1 0 0
2168 1 0 1 0 1 1 1 0 1 1
2169 0 1 0 1 1 0 1 0 1 0
2170 0 0 1 0 0 1 0 1 1 0
2171 0 1 1 0 1 0 0 0 1 1
2172 1 1 0 0 0 1 0 1 1 0
2173 0 1 1 1 0 1 1 0 1 1
2174 0 0 1 1 1 0 0 0 0 0
2175 1 0 0 1 0 1 0 0 0 1
2176 0 1 0 0 1 1 1 0 1 1
2177 1 1 1 0 1 0 0 1 1 1
2178 1 0 1 1 1 1 1 1 1 0
2179 0 0 1 0 1 1 0 1 1 0
2180 1 0 1 1 0 1 0 1 0 0
2181 1 0 1 1 0 1 1 1 1 0
2182 0 0 0 0 1 1 0 1 1 1
2183 1 0 1 0 0 1 1 1 1 1
2184 1 1 1 1 1 1 1 1 0 0
2185 0 0 0 0 0 0 0 0 1 1
2186 1 0 0 1 1 1 1 1 0 0
2187 1 0 0 1 1 0 1 1 0 1
2188 1 1 1 1 1 0 0 0 1 0
2189 0 0 1 1 1 0 0 0 0 1
2190 1 0 1 0 0 1 1 0 1 1
2191 0 1 1 1 1 0 1 1 0 0
2192 1 0 0 0 1 0 1 0 1 0
2193 1 1 1 0 0 1 1 1 1 0
2194 1 0 0 0 0 0 0 1 0 1
2195 1 1 1 0 1 1 0 0 0 0
2196 0 1 0 0 0 0 0 1 1 1
2197 0 0 1 1 0 1 1 1 1 1
2198 0 1 0 1 1 0 1 0 1 0
2199 1 1 1 1 1 1 0 1 1 0
2200 1 0 0 1 0 1 0 0 0 0
2201 0 1 1 1 0 0 0 0 1 0
2202 1 0 1 1 1 0 1 1 1 0
2203 0 1 0 0 1 1 0 1 0 1
2204 0 0 1 0 1 0 0 0 1 1
2205 0 0 0 1 1 1 0 1 1 0
2206 1 0 0 0 1 1 0 1 0 1
2207 1 0 0 1 1 0 1 1 0 1
2208 0 0 1 1 1 0 1 0 0 0
2209 1 0 1 0 1 1 0 0 1 0
2210 1 1 0 1 1 0 1 1 0 1
2211 0 0 1 0 1 0 1 0 0 1
2212 0 0 1 1 0 1 0 1 1 0
2213 0 1 0 1 1 0 1 1 1 0
2214 1 0 0 1 1 0 1 0 0 0
2215 1 0 1 1 0 0 1 1 0 0
2216 1 1 1 0 1 0 1 0 1 0
2217 0 1 1 1 1 0 1 1 0 0
2218 0 1 1 0 1 0 0 0 1 0
2219 0 0 0 0 0 0 1 1 0 1
2220 0 0 1 0 1 0 1 1 0 0
2221 1 1 1 0 1 0 1 1 1 0
2222 1 0 0 0 1 0 0 0 0 1
2223 0 1 0 0 1 0 0 1 1 0
2224 1 1 1 0 1 1 1 1 1 1
2225 1 1 1 0 1 1 1 0 1 1
2226 0 1 0 0 1 1 0 0 1 0
2227 0 0 1 0 0 0 1 1 1 1
2228 0 1 1 1 1 1 0 1 0 0
2229 1 1 0 1 1 1 0 0 0 1
2230 0 0 0 0 0 0 0 0 1 0
2231 0 0 0 1 1 0 1 0 1 0
2232 1 0 1 0 1 0 1 0 0 0
2233 0 1 1 1 0 0 0 1 0 1
2234 1 1 0 0 1 1 1 0 1 1
2235 1 1 1 1 1 1 1 1 1 0
2236 1 1 1 0 0 1 1 0 0 0
2237 0 1 0 1 1 1 1 1 1 0
2238 1 1 0 1 1 0 0 0 1 0
2239 0 0 0 1 0 1 1 1 1 0
2240 0 1 1 1 1 0 0 0 1 1
2241 1 0 0 1 1 1 1 0 0 0
2242 1 1 0 0 1 1 1 1 1 0
2243 0 0 0 0 1 0 0 0 1 0
2244 0 0 0 1 1 0 1 1 1 0
2245 1 0 0 1 1 1 1 0 0 0
2246 0 1 0 1 1 0 1 0 0 1
2247 1 0 1 1 0 0 1 0 1 0
2248 1 0 1 0 0 1 1 1 1 1
2249 1 0 0 0 1 0 1 1 1 0
2250 0 1 1 1 0 1 0 0 0 1
2251 1 0 0 0 1 1 1 1 1 1
2252 1 1 0 0 1 1 1 0 1 1
2253 1 1 1 0 0 0 0 1 0 0
2254 0 1 1 1 1 1 0 1 1 0
2255 0 0 0 0 1 0 1 1 1 1
2256 0 1 1 1 0 0 1 0 0 1
2257 1 0 1 0 1 1 0 1 1 1
2258 1 1 1 0 0 0 0 1 1 1
2259 1 0 1 1 1 1 1 0 1 0
2260 1 1 1 0 0 1 1 1 1 0
2261 0 0 0 1 0 1 0 0 0 1
2262 1 1 0 1 1 1 0 0 1 0
2263 0 1 1 0 1 0 0 0 1 0
2264 0 0 0 1 1 1 1 0 1 1
2265 1 0 0 1 1 1 1 1 1 0
2266 1 0 1 0 1 0 1 1 0 1
2267 0 0 1 0 0 0 0 1 0 0
2268 1 0 0 0 0 0 0 0 0 1
2269 1 0 1 1 1 0 1 0 1 1
2270 0 1 0 0 1 0 1 0 1 1
2271 0 1 1 0 1 1 1 0 1 1
2272 0 0 0 1 0 0 1 1 0 1
2273 1 0 1 1 0 1 1 1 1 1
2274 1 0 1 0 0 1 0 1 0 0
2275 1 1 0 1 1 0 1 0 0 0
2276 1 1 1 0 0 0 1 0 1 0
2277 1 1 0 1 1 1 0 1 0 0
2278 0 1 1 1 0 1 0 0 0 1
2279 0 1 1 1 0 0 1 1 1 1
2280 0 1 0 1 1 0 0 0 1 0
2281 1 1 1 0 1 1 1 1 1 0
2282 1 0 1 1 0 0 0 0 1 0
2283 1 0 0 1 0 0 1 0 0 1
2284 0 1 0 1 0 1 1 0 1 0
2285 0 1 0 0 0 0 0 1 0 0
2286 0 0 0 0 1 0 0 0 0 1
2287 0 1 1 0 1 1 0 1 1 0
2288 0 1 0 0 0 1 1 0 0 1
2289 1 1 0 1 0 0 1 1 0 1
2290 0 0 0 1 1 0 0 1 0 1
2291 1 0 0 1 1 1 1 1 0 0
2292 0 0 1 0 1 1 0 0 0 0
2293 0 0 0 1 1 0 0 0 1 0
2294 1 1 1 0 0 1 0 1 0 1
2295 0 0 0 0 0 0 1 1 0 0
2296 1 0 0 0 1 1 0 1 1 0
2297 1 1 1 1 0 0 0 1 1 1
2298 1 1 0 0 0 1 1 0 1 1
2299 1 1 1 1 0 1 0 1 0 0
2300 0 1 1 1 1 0 1 1 0 0
2301 0 1 1 0 1 1 1 1 1 0
2302 1 1 0 1 1 1 0 1 1 1
2303 0 0 0 1 1 1 0 0 0 0
2304 1 0 1 1 0 0 0 1 0 0
2305 0 0 1 1 0 0 1 1 0 1
2306 0 0 0 1 0 0 1 1 1 1
2307 0 1 0 0 1 0 0 1 1 0
2308 1 1 0 0 1 0 0 1 1 0
2309 0 0 0 0 1 0 1 0 1 1
2310 1 1 0 1 0 0 0 1 1 0
2311 0 0 0 1 1 1 0 0 1 0
2312 0 0 0 0 0 0 1 0 0 1
2313 0 0 1 0 1 1 1 1 1 0
2314 0 1 0 1 0 1 0 0 1 0
2315 0 1 1 1 0 1 1 0 1 0
2316 1 0 0 1 0 0 1 1 1 1
2317 1 1 0 0 0 0 0 1 1 1
2318 1 1 1 0 0 1 0 0 1 1
2319 0 0 0 1 1 0 0 0 1 1
2320 0 1 0 1 1 1 1 0 1 1
2321 0 1 0 1 1 1 0 1 0 0
2322 0 0 1 0 0 1 0 0 0 0
2323 0 1 0 0 0 0 1 0 0 1
2324 1 1 1 0 1 0 0 1 1 0
2325 0 1 0 0 1 0 1 1 0 0
2326 0 0 0 0 1 0 1 1 0 1
2327 0 0 0 1 1 1 0 1 0 1
2328 0 1 0 1 0 0 0 1 0 1
2329 0 0 0 1 0 1 0 0 1 1
2330 0 1 1 1 0 1 0 1 1 0
2331 0 1 0 1 1 0 0 0 0 1
2332 0 0 0 1 1 0 1 0 1 1
2333 0 1 1 0 1 0 0 1 1 0
2334 1 0 0 0 1 1 0 0 0 1
2335 0 1 0 0 0 0 1 0 1 1
2336 1 0 0 0 0 0 1 1 0 0
2337 0 0 0 1 0 0 0 0 0 1
2338 1 0 0 0 1 1 1 0 1 1
2339 1 1 1 0 1 1 0 0 0 1
2340 1 0 1 1 0 0 1 0 1 0
2341 1 1 0 1 0 0 0 1 0 0
2342 0 1 0 0 0 0 0 0 0 1
2343 0 1 1 0 1 1 0 1 1 0
2344 1 1 0 0 0 1 1 0 1 1
2345 1 1 0 0 0 0 1 1 1 0
2346 1 0 0 0 0 0 0 1 0 0
2347 1 0 0 1 1 1 1 0 1 1
2348 0 1 1 0 1 0 0 0 1 1
2349 1 0 1 0 1 1 1 1 0 1
2350 0 0 1 1 0 1 1 1 1 1
2351 1 0 1 1 0 1 1 0 1 1
2352 0 0 0 1 0 0 0 1 0 0
2353 0 0 1 1 0 0 0 0 0 0
2354 1 1 1 0 0 1 1 1 0 0
2355 1 1 0 1 1 0 0 0 0 0
2356 0 0 0 0 1 1 1 0 1 1
2357 0 0 0 0 0 0 1 1 1 1
2358 1 0 0 1 1 0 0 0 0 0
2359 0 0 1 0 0 0 1 1 1 1
2360 1 0 1 1 0 0 1 0 1 1
2361 0 0 1 1 0 1 0 1 0 0
2362 1 1 0 0 0 0 1 0 0 1
2363 1 0 1 1 0 0 0 0 0 0
2364 0 0 1 0 0 1 0 1 0 0
2365 0 0 0 0 1 1 0 0 0 0
2366 1 1 0 0 0 1 1 0 1 1
2367 0 1 0 1 0 0 0 1 1 1
2368 0 0 1 0 1 0 1 1 1 1
2369 1 1 1 0 0 1 1 1 1 1
2370 1 0 0 1 0 1 1 1 1 0
2371 1 0 1 1 1 0 0 1 0 1
2372 1 0 0 0 1 1 0 0 0 0
2373 1 1 0 1 0 1 0 0 0 1
2374 1 1 1 1 1 1 0 1 1 1
2375 1 0 1 0 0 1 1 1 0 1
2376 0 1 0 1 1 0 1 0 1 0
2377 1 0 0 0 1 0 1 0 1 0
2378 0 1 0 0 0 0 0 0 0 0
2379 1 1 0 1 0 1 0 0 0 1
2380 1 1 0 1 1 1 1 1 0 1
2381 0 0 1 1 0 1 1 1 1 0
2382 1 0 0 1 1 0 1 1 0 0
2383 1 1 0 1 0 0 1 1 0 1
2384 1 0 1 0 0 0 1 1 1 0
2385 0 1 1 0 0 1 1 1 0 1
2386 0 0 1 1 0 0 0 1 0 0
2387 0 1 0 0 1 0 0 0 1 0
2388 0 0 0 0 1 0 0 0 1 1
2389 1 1 0 0 1 1 1 0 1 0
2390 0 0 1 0 0 0 1 0 0 0
2391 1 1 0 1 1 1 0 0 1 0
2392 0 0 1 1 0 0 0 0 1 1
2393 0 0 1 1 1 0 0 1 1 1
2394 1 0 1 0 1 0 1 1 0 0
2395 1 1 1 0 1 0 0 1 1 0
2396 0 0 1 1 0 0 1 1 1 1
2397 1 1 1 1 1 1 1 1 0 0
2398 0 1 0 0 1 1 0 0 1 1
2399 0 0 1 1 0 1 1 0 0 0
2400 1 1 0 0 1 1 0 1 0 0
2401 1 1 0 1 1 1 0 0 0 0
2402 0 1 0 1 0 0 1 0 0 1
2403 1 0 1 0 0 1 1 0 0 0
2404 1 1 1 1 0 1 0 1 1 0
