0 386
1 1115
2 977
3 262
4 342
5 827
6 398
7 666
8 510
9 364
10 779
11 360
12 4
13 324
14 812
15 423
16 667
17 278
18 246
19 707
20 975
21 101
22 1043
23 383
24 462
25 36
26 34
27 495
28 899
29 369
30 627
31 892
32 833
33 917
34 320
35 295
36 1018
37 903
38 356
39 1110
40 796
41 474
42 309
43 1076
44 680
45 271
46 609
47 221
48 731
49 644
50 725
51 610
52 705
53 997
54 57
55 1124
56 139
57 829
58 873
59 477
60 388
61 445
62 487
63 512
64 584
65 27
66 255
67 379
68 872
69 481
70 752
71 885
72 348
73 668
74 434
75 191
76 740
77 1060
78 771
79 1030
80 697
81 643
82 153
83 114
84 507
85 817
86 630
87 788
88 137
89 99
90 1063
91 1090
92 451
93 176
94 652
95 744
96 611
97 285
98 493
99 714
100 375
101 622
102 106
103 672
104 134
105 582
106 104
107 0
108 468
109 1031
110 1108
111 555
112 720
113 868
114 968
115 961
116 247
117 602
118 1065
119 994
120 706
121 1068
122 979
123 228
124 575
125 506
126 949
127 671
128 1126
129 755
130 33
131 446
132 197
133 1014
134 288
135 172
136 658
137 80
138 767
139 542
140 211
141 20
142 691
143 45
144 272
145 424
146 717
147 797
148 1119
149 769
150 121
151 182
152 412
153 973
154 337
155 218
156 861
157 778
158 179
159 624
160 785
161 632
162 993
163 918
164 449
165 229
166 332
167 972
168 801
169 32
170 1127
171 159
172 308
173 890
174 1002
175 701
176 656
177 988
178 745
179 1120
180 710
181 260
182 853
183 898
184 1027
185 768
186 723
187 63
188 292
189 448
190 1034
191 122
192 143
193 1105
194 273
195 1
196 490
197 881
198 572
199 573
200 304
201 742
202 910
203 1051
204 70
205 42
206 912
207 893
208 1112
209 1011
210 438
211 845
212 832
213 1035
214 505
215 242
216 1098
217 830
218 684
219 402
220 479
221 113
222 267
223 734
224 571
225 422
226 520
227 428
228 848
229 879
230 1058
231 232
232 595
233 675
234 399
235 1066
236 39
237 224
238 274
239 850
240 1114
241 187
242 1085
243 648
244 144
245 626
246 955
247 92
248 1062
249 799
250 835
251 351
252 824
253 321
254 809
255 163
256 532
257 1116
258 326
259 743
260 387
261 1029
262 77
263 637
264 800
265 689
266 328
267 803
268 756
269 904
270 923
271 681
272 686
273 296
274 116
275 391
276 665
277 275
278 1077
279 597
280 900
281 625
282 300
283 916
284 485
285 519
286 283
287 314
288 365
289 948
290 749
291 815
292 74
293 574
294 51
295 1129
296 816
297 989
298 1122
299 431
300 69
301 83
302 298
303 958
304 936
305 727
306 616
307 1050
308 500
309 823
310 1109
311 384
312 416
313 169
314 987
315 91
316 1019
317 517
318 409
319 981
320 181
321 523
322 933
323 12
324 1072
325 200
326 9
327 952
328 664
329 486
330 307
331 738
332 355
333 537
334 306
335 62
336 340
337 775
338 802
339 886
340 436
341 662
342 171
343 174
344 687
345 470
346 765
347 442
348 1041
349 932
350 14
351 515
352 747
353 175
354 52
355 1094
356 947
357 826
358 857
359 190
360 371
361 263
362 480
363 1081
364 877
365 1054
366 315
367 784
368 623
369 628
370 437
371 206
372 594
373 282
374 862
375 471
376 1083
377 1079
378 100
379 209
380 673
381 290
382 502
383 1025
384 243
385 660
386 372
387 152
388 882
389 338
390 971
391 103
392 489
393 631
394 236
395 23
396 35
397 925
398 598
399 928
400 938
401 608
402 347
403 499
404 982
405 501
406 504
407 125
408 66
409 764
410 1048
411 330
412 980
413 265
414 127
415 540
416 157
417 887
418 87
419 164
420 105
421 158
422 959
423 248
424 376
425 1111
426 405
427 554
428 161
429 395
430 588
431 419
432 722
433 415
434 871
435 68
436 401
437 576
438 956
439 352
440 331
441 659
442 155
443 381
444 1056
445 931
446 566
447 343
448 695
449 786
450 1095
451 561
452 1026
453 47
454 427
455 58
456 55
457 1024
458 75
459 679
460 953
461 763
462 1040
463 261
464 615
465 124
466 964
467 287
468 150
469 1091
470 906
471 1096
472 28
473 467
474 400
475 991
476 750
477 876
478 1032
479 960
480 373
481 718
482 772
483 692
484 89
485 1123
486 880
487 291
488 819
489 638
490 5
491 604
492 466
493 842
494 647
495 1130
496 536
497 385
498 406
499 634
500 600
501 302
502 195
503 935
504 592
505 266
506 766
507 154
508 914
509 587
510 194
511 820
512 924
513 1093
514 1075
515 160
516 834
517 475
518 17
519 759
520 239
521 804
522 984
523 98
524 649
525 368
526 201
527 29
528 334
529 941
530 641
531 757
532 851
533 318
534 390
535 713
536 426
537 1088
538 223
539 393
540 669
541 1104
542 231
543 252
544 1099
545 541
546 831
547 281
548 780
549 514
550 732
551 483
552 162
553 1028
554 798
555 1045
556 865
557 227
558 1074
559 189
560 950
561 303
562 922
563 417
564 407
565 613
566 339
567 1022
568 567
569 548
570 579
571 883
572 654
573 1106
574 85
575 822
576 895
577 585
578 905
579 361
580 907
581 875
582 811
583 985
584 535
585 770
586 294
587 1015
588 214
589 95
590 889
591 841
592 976
593 901
594 703
595 621
596 1020
597 942
598 48
599 1036
600 855
601 690
602 138
603 591
604 777
605 19
606 663
607 746
608 1004
609 193
610 192
611 230
612 210
613 142
614 926
615 147
616 455
617 50
618 655
619 852
620 1023
621 109
622 482
623 380
624 414
625 1007
626 461
627 457
628 782
629 149
630 813
631 432
632 709
633 418
634 999
635 685
636 408
637 1071
638 921
639 586
640 869
641 110
642 21
643 635
644 1053
645 867
646 902
647 94
648 476
649 1008
650 661
651 1069
652 844
653 71
654 1037
655 970
656 1086
657 792
658 341
659 565
660 553
661 805
662 382
663 256
664 96
665 733
666 719
667 319
668 120
669 531
670 927
671 787
672 136
673 40
674 78
675 56
676 1057
677 117
678 259
679 721
680 53
681 444
682 966
683 716
684 838
685 837
686 2
687 447
688 1117
689 606
690 570
691 13
692 1039
693 443
694 108
695 1049
696 978
697 277
698 776
699 929
700 992
701 128
702 858
703 783
704 1064
705 25
706 410
707 915
708 107
709 639
710 433
711 370
712 268
713 525
714 357
715 1044
716 522
717 682
718 132
719 751
720 186
721 16
722 333
723 741
724 178
725 346
726 568
727 264
728 1087
729 8
730 327
731 990
732 758
733 30
734 251
735 589
736 166
737 305
738 43
739 511
740 133
741 730
742 1012
743 736
744 605
745 59
746 807
747 61
748 1017
749 459
750 633
751 518
752 552
753 954
754 203
755 188
756 1082
757 1006
758 3
759 674
760 863
761 141
762 498
763 856
764 250
765 818
766 452
767 753
768 983
769 846
770 367
771 440
772 940
773 145
774 618
775 208
776 37
777 503
778 233
779 460
780 465
781 557
782 196
783 456
784 1132
785 65
786 806
787 1038
788 1046
789 726
790 1097
791 312
792 123
793 549
794 73
795 677
796 849
797 546
798 1125
799 919
800 497
801 946
802 394
803 509
804 237
805 1010
806 359
807 170
808 313
809 729
810 396
811 425
812 329
813 135
814 492
815 1080
816 843
817 1078
818 791
819 93
820 1001
821 112
822 24
823 7
824 821
825 478
826 202
827 828
828 526
829 276
830 222
831 1033
832 226
833 311
834 1067
835 840
836 199
837 636
838 790
839 41
840 1103
841 986
842 130
843 676
844 183
845 702
846 789
847 583
848 317
849 508
850 450
851 6
852 54
853 151
854 854
855 934
856 1073
857 279
858 524
859 998
860 1016
861 590
862 596
863 430
864 911
865 528
866 244
867 225
868 1121
869 1013
870 937
871 111
872 533
873 808
874 617
875 165
876 463
877 651
878 205
879 527
880 249
881 301
882 913
883 403
884 344
885 774
886 429
887 325
888 737
889 563
890 494
891 884
892 270
893 761
894 404
895 289
896 580
897 810
898 397
899 724
900 878
901 297
902 484
903 129
904 612
905 38
906 363
907 235
908 11
909 286
910 253
911 581
912 441
913 198
914 411
915 254
916 1059
917 350
918 488
919 712
920 683
921 88
922 539
923 413
924 951
925 435
926 547
927 696
928 556
929 439
930 699
931 378
932 26
933 1102
934 349
935 215
936 392
937 469
938 102
939 593
940 173
941 353
942 1100
943 453
944 762
945 219
946 18
947 1070
948 601
949 1021
950 362
951 84
952 1113
953 859
954 888
955 963
956 354
957 22
958 670
959 909
960 472
961 560
962 335
963 90
964 629
965 220
966 1055
967 64
968 896
969 894
970 177
971 258
972 336
973 543
974 322
975 358
976 559
977 1084
978 245
979 1052
980 180
981 974
982 814
983 640
984 126
985 569
986 748
987 870
988 693
989 995
990 866
991 513
992 345
993 10
994 545
995 67
996 688
997 1107
998 168
999 694
1000 1047
1001 962
1002 496
1003 551
1004 1128
1005 316
1006 516
1007 603
1008 377
1009 969
1010 1000
1011 944
1012 1101
1013 269
1014 212
1015 996
1016 310
1017 491
1018 15
1019 81
1020 860
1021 119
1022 529
1023 711
1024 299
1025 544
1026 1042
1027 739
1028 957
1029 930
1030 280
1031 642
1032 115
1033 943
1034 698
1035 847
1036 148
1037 213
1038 1131
1039 795
1040 1005
1041 874
1042 538
1043 614
1044 454
1045 46
1046 728
1047 131
1048 389
1049 773
1050 967
1051 293
1052 650
1053 607
1054 420
1055 657
1056 521
1057 735
1058 241
1059 79
1060 781
1061 704
1062 550
1063 645
1064 945
1065 60
1066 31
1067 184
1068 323
1069 920
1070 185
1071 939
1072 653
1073 1003
1074 72
1075 965
1076 284
1077 240
1078 97
1079 599
1080 140
1081 558
1082 82
1083 578
1084 146
1085 374
1086 118
1087 825
1088 619
1089 836
1090 1009
1091 700
1092 1118
1093 458
1094 1061
1095 793
1096 238
1097 620
1098 562
1099 530
1100 216
1101 1092
1102 754
1103 897
1104 473
1105 464
1106 204
1107 217
1108 708
1109 760
1110 49
1111 891
1112 1089
1113 577
1114 257
1115 678
1116 366
1117 794
1118 44
1119 156
1120 234
1121 864
1122 76
1123 839
1124 421
1125 646
1126 86
1127 564
1128 167
1129 908
1130 715
1131 207
1132 534
