0 0 0 1 1 0 1 1 1 1 1
1 1 1 1 1 1 0 1 0 0 0
2 0 1 0 0 0 1 1 1 1 1
3 1 1 0 0 1 0 0 0 0 0
4 0 0 0 0 1 1 0 1 0 0
5 0 0 0 0 0 1 1 0 0 0
6 0 0 1 1 1 0 1 1 1 1
7 1 0 0 1 0 0 1 1 0 0
8 0 0 1 0 1 1 0 0 0 0
9 0 0 0 1 0 1 0 0 0 1
10 1 0 1 1 1 1 0 1 0 1
11 0 0 0 1 0 0 1 1 0 1
12 0 0 1 0 0 0 0 1 1 1
13 0 0 1 0 0 0 1 1 0 1
14 1 1 0 1 0 1 0 1 0 0
15 0 1 1 0 0 1 0 1 0 0
16 1 0 0 0 0 0 0 1 1 1
17 1 1 0 1 1 0 0 0 0 1
18 0 1 1 0 1 1 0 1 1 0
19 1 1 0 1 1 0 0 0 0 1
20 0 0 1 1 1 1 1 0 1 1
21 1 1 0 1 0 0 1 1 0 0
22 1 1 0 1 1 0 1 0 0 1
23 1 1 0 0 1 0 1 1 0 1
24 1 0 0 0 1 0 0 1 0 1
25 0 1 1 1 1 0 0 0 1 1
26 1 1 0 1 1 1 0 1 0 1
27 1 0 1 0 1 1 1 1 0 1
28 1 1 0 1 1 0 0 0 1 0
29 0 1 1 1 1 1 0 1 0 1
30 1 0 0 1 0 1 0 0 0 1
31 1 0 0 0 0 0 0 1 1 0
32 1 1 1 1 1 1 1 1 0 0
33 0 0 0 0 0 0 1 0 0 1
34 1 0 1 0 1 0 1 1 1 0
35 1 1 1 0 1 1 0 0 1 0
36 1 1 0 1 1 0 1 1 0 0
37 0 0 1 0 1 1 1 0 0 0
38 1 1 1 0 1 1 0 1 0 1
39 1 0 0 1 0 0 1 1 0 1
40 1 0 1 1 1 0 0 1 0 0
41 0 1 0 1 0 0 0 0 0 0
42 0 1 1 1 1 0 1 1 1 1
43 1 0 1 1 1 1 0 0 0 0
44 1 0 1 0 0 1 0 0 0 0
45 0 0 0 0 1 0 0 0 0 1
46 1 0 1 1 1 1 1 1 0 1
47 0 1 1 1 1 0 1 1 1 1
48 1 0 0 0 0 1 1 0 0 0
49 0 0 0 1 0 0 0 1 1 1
50 1 0 0 0 1 0 1 0 0 1
51 0 0 0 0 0 0 0 1 1 1
52 0 1 1 0 0 1 1 0 0 0
53 0 1 1 1 1 0 0 1 0 1
54 0 0 0 0 1 1 0 1 0 0
55 0 0 1 0 0 0 0 1 0 1
56 0 0 0 0 1 1 1 0 1 0
57 1 1 1 1 0 1 1 1 0 1
58 1 1 0 0 0 0 1 0 0 1
59 0 1 0 0 0 0 1 0 1 0
60 1 1 0 1 1 1 0 0 0 0
61 0 1 0 0 1 0 1 0 0 0
62 1 1 0 0 0 0 0 1 0 1
63 0 1 1 0 0 1 1 1 0 0
64 1 1 0 1 1 0 0 0 0 1
65 1 1 0 0 0 1 0 1 1 1
66 1 0 1 1 0 0 1 1 1 1
67 0 1 0 1 0 1 0 0 0 1
68 0 1 0 1 0 1 1 0 0 0
69 0 0 0 0 1 1 0 0 0 0
70 0 1 0 1 1 0 1 1 0 1
71 0 0 0 1 1 0 1 1 0 0
72 1 1 0 1 1 0 0 1 0 0
73 0 0 1 0 0 0 1 1 1 0
74 1 0 1 0 0 0 1 0 0 1
75 0 0 0 0 0 1 0 1 0 1
76 0 1 0 1 0 0 1 0 1 0
77 1 1 0 1 0 0 1 1 0 0
78 0 0 0 1 0 0 1 0 0 1
79 0 0 0 0 0 0 1 0 1 1
80 1 0 1 1 1 0 0 1 0 0
81 0 1 0 0 0 0 0 1 0 0
82 1 0 0 1 1 0 1 0 1 0
83 1 0 1 0 1 1 1 1 0 1
84 1 0 1 1 0 1 0 1 0 1
85 0 1 1 0 1 0 1 1 1 1
86 0 0 0 0 0 1 0 1 0 0
87 1 0 0 1 1 1 0 1 1 0
88 1 0 1 1 1 0 0 1 0 1
89 0 0 1 1 0 0 1 0 1 0
90 1 0 1 0 0 1 1 1 1 1
91 0 0 0 1 0 1 1 0 1 1
92 1 0 0 0 1 0 0 0 0 0
93 1 1 1 1 1 1 1 1 1 1
94 1 1 0 1 1 1 1 0 1 1
95 0 1 0 1 0 1 1 1 0 1
96 1 0 1 0 1 0 0 0 1 1
97 0 1 1 0 1 0 1 0 0 1
98 0 1 0 1 1 1 0 1 1 0
99 0 1 1 1 0 1 1 0 0 1
100 1 1 1 1 1 1 0 1 1 1
101 0 1 1 0 0 1 1 0 0 1
102 1 1 1 1 1 0 0 0 0 0
103 0 0 0 1 1 0 0 0 0 1
104 1 0 0 0 0 0 0 1 0 0
105 0 1 0 1 1 0 0 0 0 1
106 0 1 1 0 1 0 1 1 1 0
107 0 0 1 0 1 1 0 1 0 1
108 1 1 1 0 1 0 0 1 0 1
109 1 0 0 1 0 0 0 1 0 0
110 1 0 1 0 1 0 1 0 0 0
111 0 1 0 0 0 0 1 0 1 1
112 1 1 0 1 0 1 1 1 0 0
113 0 1 1 0 0 0 0 0 1 0
114 0 1 1 0 1 0 0 0 1 0