0 2924
1 845
2 6661
3 4333
4 4993
5 8412
6 8578
7 7358
8 2120
9 3870
10 734
11 3963
12 2844
13 6629
14 4306
15 1671
16 7797
17 5261
18 5742
19 3914
20 6320
21 3453
22 8029
23 6062
24 343
25 3032
26 395
27 5437
28 4242
29 7172
30 2161
31 7651
32 4368
33 7915
34 768
35 7464
36 5367
37 2771
38 7055
39 3096
40 7384
41 6467
42 8912
43 6446
44 7518
45 2060
46 7214
47 3614
48 8572
49 3467
50 3599
51 2423
52 5921
53 6597
54 3823
55 1489
56 351
57 5755
58 8139
59 4934
60 5449
61 6922
62 7531
63 3552
64 5906
65 6534
66 2305
67 2222
68 3926
69 3382
70 3066
71 2015
72 7958
73 410
74 8999
75 1733
76 5014
77 2834
78 4747
79 1842
80 5299
81 2896
82 7883
83 8916
84 872
85 3780
86 6598
87 3657
88 1302
89 946
90 2007
91 345
92 2112
93 1325
94 6540
95 9041
96 2850
97 5961
98 8790
99 4305
100 6217
101 8691
102 8449
103 924
104 3605
105 137
106 7931
107 5109
108 811
109 1985
110 3217
111 1236
112 5857
113 3493
114 1769
115 5811
116 7062
117 1951
118 4517
119 5140
120 5979
121 821
122 6740
123 4949
124 8829
125 5977
126 3122
127 1450
128 7891
129 3003
130 7340
131 6222
132 8269
133 8593
134 5226
135 8681
136 1351
137 3849
138 6073
139 8133
140 7326
141 6586
142 2987
143 6632
144 7460
145 4
146 8525
147 337
148 3888
149 7313
150 8408
151 8631
152 5654
153 2211
154 8919
155 1570
156 7111
157 427
158 6300
159 5970
160 1681
161 2728
162 1599
163 8540
164 1174
165 4536
166 8501
167 5728
168 2843
169 4432
170 6313
171 4825
172 7195
173 5516
174 6039
175 4646
176 6631
177 5697
178 7641
179 6253
180 82
181 3867
182 4012
183 7200
184 6621
185 7016
186 8866
187 501
188 2299
189 777
190 3582
191 3586
192 3701
193 2095
194 5806
195 6529
196 2368
197 815
198 6575
199 288
200 4002
201 458
202 6110
203 4253
204 4531
205 879
206 3292
207 4129
208 5217
209 189
210 8213
211 4234
212 3947
213 7647
214 6824
215 7669
216 5471
217 2673
218 3070
219 1307
220 8262
221 3548
222 5765
223 1105
224 5614
225 4176
226 2934
227 5527
228 4354
229 873
230 5659
231 5197
232 3320
233 133
234 7985
235 6826
236 3170
237 9126
238 318
239 7034
240 913
241 5455
242 7617
243 8324
244 562
245 7138
246 1282
247 6573
248 585
249 2620
250 4704
251 5148
252 6092
253 9084
254 2100
255 2243
256 631
257 3800
258 4774
259 2787
260 8618
261 6455
262 2181
263 9040
264 2133
265 364
266 7115
267 265
268 1949
269 7231
270 4315
271 8959
272 7297
273 7414
274 5713
275 3438
276 7685
277 7448
278 8666
279 5467
280 8839
281 2932
282 4597
283 3017
284 3177
285 5232
286 756
287 5253
288 912
289 3295
290 7078
291 8136
292 4740
293 8615
294 282
295 5357
296 1904
297 9105
298 1060
299 1117
300 1562
301 9050
302 4918
303 8318
304 5136
305 5456
306 8849
307 4215
308 6640
309 5339
310 7666
311 2376
312 3669
313 2915
314 7141
315 1572
316 5674
317 7983
318 7457
319 3263
320 966
321 1440
322 833
323 534
324 2089
325 5417
326 8291
327 6898
328 5981
329 8089
330 6156
331 6638
332 7847
333 4213
334 781
335 6021
336 1502
337 3294
338 7199
339 5301
340 7422
341 1108
342 2180
343 6341
344 1242
345 6378
346 3698
347 8499
348 143
349 5826
350 6449
351 4767
352 2892
353 5522
354 1088
355 3675
356 5870
357 7784
358 8551
359 7951
360 1766
361 1940
362 4313
363 2754
364 2961
365 1674
366 420
367 2868
368 7665
369 7892
370 8103
371 4389
372 1722
373 472
374 3262
375 2099
376 4264
377 8002
378 6248
379 6234
380 5829
381 3598
382 2643
383 6335
384 6428
385 4311
386 1140
387 5131
388 4062
389 8084
390 4082
391 5223
392 8367
393 3588
394 4178
395 1000
396 4782
397 4173
398 7266
399 7745
400 8543
401 1506
402 3359
403 972
404 8516
405 234
406 6306
407 1039
408 2873
409 2417
410 7152
411 5800
412 341
413 371
414 1619
415 413
416 6158
417 8384
418 875
419 3920
420 5669
421 6402
422 5851
423 1402
424 8206
425 5747
426 4781
427 979
428 7121
429 4651
430 7444
431 398
432 7393
433 7841
434 1264
435 2130
436 415
437 4394
438 8752
439 4938
440 8215
441 412
442 1467
443 6731
444 5380
445 6265
446 5238
447 3264
448 9064
449 3719
450 1652
451 3777
452 7782
453 7427
454 8179
455 8380
456 5200
457 8036
458 4406
459 1326
460 2569
461 4288
462 6221
463 5694
464 7060
465 6333
466 2402
467 8897
468 8079
469 1492
470 6976
471 76
472 1157
473 6067
474 6184
475 3036
476 6753
477 2452
478 3748
479 5396
480 7415
481 8609
482 4238
483 2687
484 8085
485 1755
486 3255
487 2759
488 1761
489 7023
490 8456
491 5344
492 8783
493 8391
494 1441
495 8788
496 2247
497 2866
498 8279
499 8974
500 5193
501 7771
502 2538
503 8167
504 3007
505 4606
506 8394
507 616
508 215
509 257
510 3715
511 1360
512 6389
513 6530
514 7736
515 4497
516 2832
517 5351
518 2001
519 4805
520 4455
521 4182
522 8309
523 4312
524 8944
525 2484
526 5453
527 3798
528 4143
529 8619
530 4659
531 8037
532 5494
533 5882
534 8640
535 2694
536 2445
537 68
538 3237
539 1394
540 5709
541 2216
542 841
543 7219
544 4081
545 6304
546 113
547 2612
548 882
549 4287
550 51
551 7693
552 7536
553 5764
554 5438
555 2649
556 601
557 2219
558 3351
559 6772
560 3424
561 6138
562 2653
563 2356
564 4741
565 442
566 1239
567 5781
568 5847
569 4454
570 771
571 5398
572 4335
573 1653
574 1045
575 5931
576 4924
577 2308
578 7019
579 146
580 2145
581 4418
582 633
583 622
584 8320
585 717
586 2639
587 2633
588 4022
589 766
590 7679
591 246
592 6512
593 8797
594 5044
595 6965
596 4325
597 1638
598 2887
599 7122
600 7325
601 241
602 2320
603 5548
604 3404
605 12
606 2629
607 7440
608 5297
609 2972
610 852
611 7413
612 1743
613 2480
614 7420
615 2739
616 261
617 5634
618 3322
619 26
620 8475
621 2939
622 4555
623 1263
624 4565
625 8557
626 3410
627 18
628 4647
629 1752
630 8905
631 382
632 185
633 1669
634 7603
635 2176
636 2029
637 6636
638 4369
639 2202
640 1945
641 942
642 6890
643 7238
644 3529
645 1312
646 8745
647 4534
648 6280
649 4569
650 5016
651 4601
652 7332
653 1800
654 3576
655 8585
656 7542
657 2381
658 7112
659 5725
660 7697
661 8698
662 3984
663 4249
664 1831
665 2472
666 8858
667 1825
668 6941
669 7777
670 7350
671 7364
672 2808
673 7117
674 572
675 7554
676 8011
677 1032
678 5955
679 2920
680 6358
681 6724
682 8370
683 7890
684 1566
685 8082
686 7865
687 1436
688 7252
689 8563
690 4204
691 8696
692 8239
693 3317
694 532
695 8389
696 2666
697 8664
698 2440
699 5890
700 8035
701 4953
702 2231
703 2681
704 4832
705 6438
706 4121
707 8057
708 1717
709 5002
710 6866
711 6698
712 1311
713 8202
714 4047
715 4820
716 6723
717 3379
718 3555
719 1125
720 4763
721 6749
722 8416
723 8868
724 7714
725 7021
726 6735
727 4954
728 284
729 2410
730 5098
731 2965
732 2792
733 5066
734 7511
735 4882
736 5662
737 1245
738 1922
739 3543
740 1048
741 9010
742 6175
743 8473
744 6105
745 6713
746 474
747 8121
748 3375
749 7335
750 3418
751 5995
752 4135
753 2151
754 7916
755 8274
756 5182
757 8957
758 6705
759 8463
760 6882
761 307
762 2278
763 531
764 1698
765 7621
766 9091
767 571
768 8588
769 2559
770 6274
771 6783
772 6451
773 134
774 3394
775 4475
776 7927
777 5769
778 205
779 7898
780 5664
781 3144
782 8772
783 1027
784 7317
785 2366
786 5401
787 5091
788 7753
789 4709
790 6553
791 7992
792 2310
793 4944
794 6447
795 7749
796 8244
797 6911
798 8930
799 110
800 969
801 3523
802 3431
803 4893
804 869
805 153
806 535
807 9110
808 993
809 3411
810 3309
811 3808
812 8711
813 2651
814 6003
815 402
816 5622
817 1054
818 3232
819 4528
820 6487
821 4533
822 1069
823 8904
824 5941
825 1935
826 233
827 8544
828 1221
829 7285
830 8808
831 7058
832 1139
833 3519
834 7530
835 9056
836 2201
837 8566
838 7772
839 2586
840 1098
841 1455
842 3452
843 728
844 5108
845 4780
846 560
847 5612
848 6208
849 5012
850 191
851 3964
852 5698
853 4568
854 6168
855 6403
856 2351
857 4157
858 8024
859 5191
860 634
861 1899
862 4003
863 4156
864 4630
865 3063
866 5134
867 7810
868 5719
869 8105
870 2498
871 2875
872 5619
873 3157
874 7872
875 8647
876 7646
877 3368
878 2713
879 2521
880 8512
881 7648
882 8881
883 5940
884 3321
885 625
886 7716
887 5785
888 8656
889 1771
890 4339
891 4667
892 3252
893 5782
894 5294
895 3762
896 7294
897 4448
898 6218
899 3414
900 6112
901 5119
902 2502
903 8171
904 5553
905 612
906 3464
907 7873
908 4592
909 406
910 3121
911 1270
912 519
913 1080
914 6834
915 4163
916 2424
917 3950
918 3008
919 3569
920 776
921 4391
922 173
923 8358
924 6022
925 1884
926 5155
927 4958
928 7913
929 7279
930 8261
931 7010
932 3343
933 2210
934 1081
935 286
936 7127
937 7540
938 7059
939 2702
940 4742
941 3481
942 5625
943 4295
944 2994
945 1613
946 5733
947 2469
948 7624
949 1666
950 2568
951 5761
952 1577
953 987
954 7829
955 4011
956 2332
957 5620
958 662
959 202
960 3631
961 3558
962 1714
963 2313
964 4478
965 684
966 892
967 8304
968 154
969 8113
970 5801
971 2955
972 3392
973 1513
974 4481
975 2058
976 3334
977 8678
978 8982
979 7471
980 4038
981 4600
982 823
983 5142
984 1075
985 7905
986 4985
987 8755
988 654
989 5681
990 3741
991 3487
992 5566
993 1791
994 2126
995 8587
996 2953
997 6812
998 4473
999 7108
1000 384
1001 3997
1002 7652
1003 6226
1004 9062
1005 1382
1006 5517
1007 8614
1008 3601
1009 5830
1010 3426
1011 742
1012 293
1013 5506
1014 2495
1015 4749
1016 977
1017 372
1018 7153
1019 6503
1020 4075
1021 3630
1022 6563
1023 4327
1024 3490
1025 1672
1026 649
1027 6432
1028 5964
1029 8461
1030 8612
1031 4728
1032 7234
1033 3349
1034 1777
1035 500
1036 3782
1037 454
1038 3869
1039 6416
1040 4984
1041 7398
1042 3881
1043 948
1044 8250
1045 4620
1046 6139
1047 2884
1048 6282
1049 4357
1050 2935
1051 980
1052 3651
1053 5901
1054 4194
1055 106
1056 590
1057 958
1058 1499
1059 4084
1060 7387
1061 6721
1062 4823
1063 7357
1064 4834
1065 6088
1066 8958
1067 5828
1068 7407
1069 2486
1070 4126
1071 4518
1072 5057
1073 8903
1074 5415
1075 419
1076 6418
1077 8298
1078 1660
1079 7654
1080 8144
1081 1739
1082 1747
1083 6673
1084 8289
1085 8899
1086 281
1087 5530
1088 1018
1089 3168
1090 4766
1091 8507
1092 6561
1093 8467
1094 3972
1095 5913
1096 7465
1097 7329
1098 126
1099 6654
1100 2735
1101 4415
1102 4914
1103 8775
1104 2943
1105 411
1106 4599
1107 7256
1108 1753
1109 1858
1110 2650
1111 7695
1112 6245
1113 638
1114 7660
1115 3645
1116 8083
1117 3192
1118 8812
1119 8426
1120 8153
1121 8427
1122 2512
1123 127
1124 3141
1125 2140
1126 2696
1127 3949
1128 310
1129 1590
1130 5746
1131 4027
1132 7740
1133 4906
1134 104
1135 3679
1136 2270
1137 1987
1138 6034
1139 998
1140 93
1141 7855
1142 647
1143 2967
1144 7196
1145 3198
1146 379
1147 1412
1148 2940
1149 5017
1150 4691
1151 4744
1152 1445
1153 5644
1154 1986
1155 4885
1156 6780
1157 3350
1158 2189
1159 8410
1160 2027
1161 2288
1162 6528
1163 5205
1164 990
1165 3983
1166 1133
1167 5000
1168 462
1169 3635
1170 7468
1171 8407
1172 39
1173 6832
1174 5803
1175 581
1176 8417
1177 5723
1178 1265
1179 8297
1180 4271
1181 1723
1182 2169
1183 4023
1184 3044
1185 522
1186 1603
1187 7149
1188 2543
1189 6996
1190 7161
1191 1268
1192 4151
1193 2327
1194 1212
1195 2958
1196 7421
1197 3195
1198 6391
1199 8513
1200 6063
1201 6684
1202 1025
1203 1318
1204 1132
1205 6992
1206 8150
1207 6714
1208 5663
1209 4729
1210 7559
1211 7870
1212 7391
1213 4428
1214 1724
1215 5221
1216 5632
1217 3383
1218 8710
1219 5004
1220 456
1221 2688
1222 7969
1223 8112
1224 2952
1225 2962
1226 7769
1227 541
1228 302
1229 1403
1230 1779
1231 8709
1232 2900
1233 3673
1234 4941
1235 1259
1236 8193
1237 6809
1238 4815
1239 762
1240 5416
1241 3632
1242 5311
1243 5778
1244 6676
1245 4154
1246 6945
1247 8906
1248 2005
1249 1707
1250 7126
1251 4320
1252 9007
1253 3358
1254 4266
1255 6387
1256 4889
1257 5646
1258 8480
1259 974
1260 5987
1261 2973
1262 5116
1263 3413
1264 4211
1265 8299
1266 7347
1267 623
1268 1316
1269 3567
1270 6219
1271 7318
1272 1794
1273 640
1274 978
1275 1849
1276 3930
1277 7373
1278 6550
1279 1276
1280 4337
1281 7483
1282 932
1283 1835
1284 8163
1285 1677
1286 6066
1287 4424
1288 3786
1289 537
1290 3092
1291 2426
1292 4147
1293 5382
1294 7906
1295 3153
1296 8284
1297 5113
1298 7385
1299 5324
1300 3486
1301 1429
1302 721
1303 5822
1304 1266
1305 7860
1306 3312
1307 7510
1308 6149
1309 6164
1310 7409
1311 8074
1312 2430
1313 3340
1314 7756
1315 4353
1316 549
1317 4854
1318 6848
1319 8559
1320 1811
1321 1262
1322 1850
1323 8107
1324 4661
1325 1746
1326 8333
1327 9016
1328 6030
1329 7215
1330 842
1331 483
1332 5997
1333 4255
1334 79
1335 5185
1336 3692
1337 8717
1338 7629
1339 5487
1340 9001
1341 4447
1342 5859
1343 6192
1344 7630
1345 2833
1346 1806
1347 4989
1348 7729
1349 4029
1350 2785
1351 5373
1352 2527
1353 4289
1354 6766
1355 914
1356 3500
1357 8444
1358 239
1359 4052
1360 6232
1361 5618
1362 6444
1363 7673
1364 1542
1365 1463
1366 3728
1367 2028
1368 3076
1369 7341
1370 1807
1371 2125
1372 4004
1373 8504
1374 1645
1375 1366
1376 4088
1377 3905
1378 758
1379 6786
1380 1721
1381 5145
1382 6928
1383 4314
1384 6170
1385 2634
1386 2803
1387 1254
1388 813
1389 1650
1390 8236
1391 2827
1392 7845
1393 7811
1394 8047
1395 2391
1396 7764
1397 5759
1398 6543
1399 1496
1400 6953
1401 5648
1402 4612
1403 3739
1404 7053
1405 9128
1406 401
1407 4786
1408 1557
1409 4095
1410 730
1411 3213
1412 6863
1413 1505
1414 6292
1415 6583
1416 3684
1417 6536
1418 6417
1419 3810
1420 8080
1421 862
1422 6691
1423 2483
1424 6468
1425 118
1426 1168
1427 8971
1428 8729
1429 2093
1430 3730
1431 6154
1432 859
1433 300
1434 3041
1435 6692
1436 1517
1437 3025
1438 8280
1439 2982
1440 7406
1441 693
1442 8277
1443 3749
1444 3053
1445 4745
1446 6462
1447 2812
1448 6568
1449 4930
1450 5477
1451 1253
1452 445
1453 6329
1454 3423
1455 911
1456 6193
1457 8458
1458 1432
1459 1193
1460 1172
1461 4458
1462 8533
1463 7997
1464 2767
1465 1444
1466 1395
1467 363
1468 6867
1469 8086
1470 4995
1471 3794
1472 7514
1473 242
1474 3542
1475 245
1476 2092
1477 3047
1478 4829
1479 5954
1480 3083
1481 2449
1482 4370
1483 1015
1484 4698
1485 7786
1486 8826
1487 5850
1488 3551
1489 5256
1490 7334
1491 5117
1492 7704
1493 8398
1494 1797
1495 4456
1496 4863
1497 3227
1498 3903
1499 5606
1500 576
1501 6070
1502 876
1503 5684
1504 6816
1505 5552
1506 3135
1507 6656
1508 5572
1509 8424
1510 4435
1511 8968
1512 1071
1513 1258
1514 2744
1515 1546
1516 8537
1517 4041
1518 3194
1519 6591
1520 2412
1521 3448
1522 6722
1523 8743
1524 2195
1525 3502
1526 5493
1527 2429
1528 6430
1529 2066
1530 6419
1531 5963
1532 3138
1533 6484
1534 8315
1535 2983
1536 5880
1537 2692
1538 7834
1539 5414
1540 8761
1541 5537
1542 2664
1543 8205
1544 7564
1545 1834
1546 8823
1547 7210
1548 851
1549 4268
1550 6131
1551 7821
1552 2196
1553 3469
1554 2074
1555 7250
1556 7137
1557 812
1558 7485
1559 3112
1560 3845
1561 5315
1562 8425
1563 4757
1564 2026
1565 8495
1566 3098
1567 2747
1568 7319
1569 5939
1570 5556
1571 1757
1572 752
1573 6623
1574 4425
1575 6085
1576 1321
1577 5384
1578 3456
1579 3182
1580 223
1581 7316
1582 80
1583 8763
1584 7803
1585 5611
1586 558
1587 4016
1588 6057
1589 1040
1590 7107
1591 4328
1592 1565
1593 6340
1594 4548
1595 128
1596 6658
1597 7885
1598 7596
1599 5631
1600 2789
1601 6053
1602 770
1603 2147
1604 5772
1605 527
1606 514
1607 5542
1608 6729
1609 5577
1610 7057
1611 3303
1612 7887
1613 2554
1614 5481
1615 885
1616 6833
1617 9088
1618 1284
1619 4758
1620 6452
1621 7015
1622 259
1623 5706
1624 5234
1625 4688
1626 3495
1627 4915
1628 524
1629 6078
1630 4634
1631 3848
1632 8415
1633 2770
1634 3904
1635 260
1636 8784
1637 8282
1638 3115
1639 7758
1640 8469
1641 2088
1642 292
1643 6151
1644 8932
1645 7001
1646 2567
1647 4269
1648 5591
1649 6161
1650 667
1651 5314
1652 1974
1653 3961
1654 5804
1655 7209
1656 6405
1657 2715
1658 6825
1659 3580
1660 8450
1661 8888
1662 2341
1663 2895
1664 9035
1665 8920
1666 4356
1667 4960
1668 252
1669 587
1670 8599
1671 3470
1672 3155
1673 5641
1674 6566
1675 6682
1676 8942
1677 9011
1678 4259
1679 6923
1680 1589
1681 5872
1682 9077
1683 3625
1684 2174
1685 3884
1686 1151
1687 4645
1688 6338
1689 3617
1690 6526
1691 7271
1692 2799
1693 443
1694 963
1695 5621
1696 4230
1697 1380
1698 9131
1699 8021
1700 1832
1701 4351
1702 399
1703 5802
1704 6716
1705 1651
1706 997
1707 3457
1708 4577
1709 4109
1710 7575
1711 7135
1712 6900
1713 9093
1714 3709
1715 1250
1716 4791
1717 2931
1718 3718
1719 6718
1720 9066
1721 7072
1722 6258
1723 8991
1724 9039
1725 5758
1726 8724
1727 2856
1728 6319
1729 546
1730 7
1731 5189
1732 7794
1733 4296
1734 2434
1735 3641
1736 910
1737 5450
1738 7232
1739 8517
1740 8101
1741 8648
1742 7751
1743 1197
1744 2274
1745 8931
1746 9107
1747 7522
1748 2318
1749 7548
1750 8489
1751 4149
1752 3908
1753 3612
1754 6479
1755 8264
1756 5864
1757 7359
1758 3057
1759 4677
1760 6238
1761 9031
1762 3600
1763 350
1764 1068
1765 6100
1766 7274
1767 4883
1768 2775
1769 720
1770 8479
1771 5491
1772 3530
1773 681
1774 1983
1775 5106
1776 6211
1777 7547
1778 8368
1779 2663
1780 3024
1781 1776
1782 1955
1783 2579
1784 5150
1785 2758
1786 2777
1787 3209
1788 378
1789 2316
1790 7050
1791 6914
1792 4146
1793 630
1794 5609
1795 1582
1796 4476
1797 6155
1798 8228
1799 8725
1800 5629
1801 313
1802 3750
1803 7832
1804 7582
1805 2455
1806 515
1807 5208
1808 6109
1809 757
1810 8440
1811 809
1812 2307
1813 97
1814 7792
1815 4355
1816 1782
1817 4379
1818 7082
1819 3235
1820 8240
1821 2471
1822 2473
1823 1029
1824 8704
1825 1438
1826 3517
1827 2893
1828 5291
1829 5993
1830 820
1831 5658
1832 3132
1833 2563
1834 3174
1835 5867
1836 5132
1837 8109
1838 4525
1839 6508
1840 5441
1841 7655
1842 3527
1843 491
1844 4626
1845 2718
1846 314
1847 580
1848 2676
1849 9123
1850 2701
1851 4788
1852 4358
1853 7416
1854 7676
1855 826
1856 1734
1857 1443
1858 7723
1859 4201
1860 2946
1861 3188
1862 2121
1863 5459
1864 2786
1865 6393
1866 2098
1867 1490
1868 7169
1869 7007
1870 7790
1871 936
1872 4602
1873 449
1874 702
1875 4097
1876 4633
1877 2921
1878 1571
1879 9043
1880 2261
1881 2150
1882 4717
1883 2285
1884 2855
1885 1664
1886 8728
1887 2708
1888 745
1889 149
1890 2167
1891 7780
1892 8700
1893 8876
1894 92
1895 2656
1896 8243
1897 3288
1898 5691
1899 2163
1900 6325
1901 1554
1902 4936
1903 2494
1904 5286
1905 1944
1906 7616
1907 2255
1908 4087
1909 240
1910 8889
1911 3596
1912 1790
1913 6790
1914 1673
1915 7246
1916 984
1917 8567
1918 4140
1919 9117
1920 8978
1921 3978
1922 6546
1923 5617
1924 4341
1925 7068
1926 2503
1927 1283
1928 584
1929 168
1930 2004
1931 2640
1932 3680
1933 2233
1934 8137
1935 5047
1936 4664
1937 276
1938 4440
1939 8204
1940 9055
1941 8435
1942 7480
1943 4039
1944 2186
1945 1575
1946 6032
1947 1989
1948 4377
1949 4864
1950 2954
1951 7964
1952 7342
1953 8210
1954 7459
1955 2617
1956 8924
1957 8734
1958 1608
1959 4161
1960 5255
1961 1220
1962 4162
1963 4184
1964 5815
1965 4251
1966 7118
1967 3186
1968 6925
1969 1090
1970 6130
1971 2745
1972 1414
1973 701
1974 5763
1975 1290
1976 1594
1977 2719
1978 8457
1979 6548
1980 2075
1981 2854
1982 9140
1983 3432
1984 7067
1985 6324
1986 2023
1987 5385
1988 6148
1989 765
1990 7748
1991 4540
1992 221
1993 573
1994 4303
1995 794
1996 7598
1997 2526
1998 1591
1999 8680
2000 4308
2001 8452
2002 5427
2003 5873
2004 466
2005 3265
2006 5567
2007 3125
2008 5077
2009 7942
2010 7848
2011 4482
2012 8151
2013 6377
2014 595
2015 7734
2016 6459
2017 6372
2018 5095
2019 4789
2020 7717
2021 925
2022 2818
2023 2191
2024 6401
2025 8369
2026 8776
2027 6944
2028 7120
2029 6120
2030 1345
2031 3921
2032 2065
2033 2349
2034 5413
2035 7587
2036 30
2037 9051
2038 3318
2039 1595
2040 5356
2041 8403
2042 9076
2043 6702
2044 6556
2045 7270
2046 1129
2047 1860
2048 4713
2049 4237
2050 4220
2051 2301
2052 5287
2053 7534
2054 839
2055 2204
2056 7519
2057 897
2058 2908
2059 6973
2060 1126
2061 596
2062 2611
2063 5824
2064 5613
2065 4226
2066 7130
2067 3126
2068 3377
2069 6685
2070 59
2071 5031
2072 526
2073 3578
2074 1730
2075 4414
2076 3801
2077 1224
2078 2627
2079 3943
2080 6967
2081 6880
2082 723
2083 3828
2084 1196
2085 4104
2086 7154
2087 8515
2088 7702
2089 4443
2090 5848
2091 1185
2092 2499
2093 4542
2094 109
2095 8726
2096 6146
2097 975
2098 5935
2099 530
2100 3562
2101 6811
2102 2061
2103 7750
2104 5647
2105 6273
2106 3326
2107 8158
2108 7094
2109 611
2110 9037
2111 8880
2112 2184
2113 4585
2114 5121
2115 5699
2116 3346
2117 6047
2118 3242
2119 5381
2120 1996
2121 5213
2122 792
2123 4764
2124 8580
2125 4861
2126 3080
2127 4772
2128 3937
2129 7493
2130 1231
2131 1346
2132 2242
2133 6505
2134 6339
2135 4307
2136 3792
2137 3150
2138 2580
2139 3304
2140 7147
2141 8287
2142 3969
2143 2637
2144 2601
2145 6564
2146 8156
2147 5601
2148 983
2149 3038
2150 2053
2151 1665
2152 3923
2153 4061
2154 5241
2155 7377
2156 2055
2157 4090
2158 1143
2159 4445
2160 9082
2161 3313
2162 8283
2163 7453
2164 7739
2165 1238
2166 5073
2167 7293
2168 199
2169 7706
2170 5640
2171 4091
2172 7430
2173 2691
2174 6813
2175 3181
2176 8976
2177 135
2178 8405
2179 8661
2180 4952
2181 6886
2182 1597
2183 5817
2184 7390
2185 8423
2186 3783
2187 7012
2188 6582
2189 7022
2190 685
2191 3590
2192 2733
2193 3072
2194 3319
2195 4270
2196 2671
2197 2985
2198 3231
2199 3363
2200 6355
2201 3610
2202 3547
2203 6645
2204 2945
2205 6595
2206 8312
2207 6043
2208 2392
2209 5181
2210 4385
2211 6058
2212 5451
2213 8259
2214 1701
2215 464
2216 8357
2217 7727
2218 6200
2219 3491
2220 4068
2221 6441
2222 5458
2223 4675
2224 7150
2225 4923
2226 7528
2227 6998
2228 8022
2229 5918
2230 7800
2231 2022
2232 6572
2233 5386
2234 414
2235 8824
2236 6045
2237 2105
2238 422
2239 5768
2240 5760
2241 6106
2242 5797
2243 834
2244 8201
2245 211
2246 1405
2247 5127
2248 3250
2249 5062
2250 1847
2251 3629
2252 8434
2253 4908
2254 4310
2255 4652
2256 102
2257 7237
2258 5875
2259 7543
2260 5372
2261 437
2262 8075
2263 1600
2264 7287
2265 8545
2266 3034
2267 3986
2268 4549
2269 1109
2270 3330
2271 3699
2272 2463
2273 878
2274 6303
2275 3028
2276 9034
2277 7247
2278 6262
2279 3389
2280 7853
2281 1335
2282 1437
2283 846
2284 7903
2285 204
2286 8617
2287 2040
2288 3137
2289 2910
2290 8692
2291 5922
2292 4516
2293 8754
2294 4754
2295 6881
2296 7939
2297 8429
2298 9095
2299 624
2300 2225
2301 6297
2302 1920
2303 8325
2304 3352
2305 2524
2306 5509
2307 7711
2308 8020
2309 7482
2310 7948
2311 3387
2312 1976
2313 8677
2314 8985
2315 3549
2316 6052
2317 6305
2318 8345
2319 5259
2320 8923
2321 8686
2322 8955
2323 3031
2324 2076
2325 3203
2326 3163
2327 7157
2328 7809
2329 8400
2330 4708
2331 1756
2332 563
2333 4185
2334 71
2335 1635
2336 2828
2337 140
2338 7631
2339 3357
2340 8928
2341 8714
2342 7276
2343 4286
2344 973
2345 8203
2346 7980
2347 2582
2348 1183
2349 4558
2350 598
2351 355
2352 8877
2353 2487
2354 3113
2355 8087
2356 2534
2357 3347
2358 700
2359 1297
2360 4778
2361 5114
2362 4755
2363 2419
2364 2566
2365 1457
2366 4512
2367 6901
2368 1680
2369 3169
2370 6128
2371 4188
2372 5392
2373 2712
2374 4580
2375 5547
2376 3751
2377 8099
2378 5745
2379 1214
2380 4956
2381 8104
2382 3151
2383 2450
2384 5571
2385 4405
2386 6285
2387 2457
2388 2036
2389 1934
2390 6876
2391 2550
2392 7996
2393 6071
2394 1471
2395 5586
2396 1995
2397 2743
2398 1249
2399 6014
2400 7436
2401 7731
2402 1164
2403 2576
2404 8874
2405 5695
2406 3338
2407 4653
2408 1971
2409 552
2410 8063
2411 3761
2412 6286
2413 6712
2414 6407
2415 4393
2416 6068
2417 6453
2418 6975
2419 283
2420 2175
2421 3390
2422 7947
2423 7555
2424 2390
2425 4848
2426 447
2427 3261
2428 2577
2429 6042
2430 1823
2431 1785
2432 4535
2433 6166
2434 1980
2435 6422
2436 2596
2437 7925
2438 5310
2439 1993
2440 6974
2441 7840
2442 2699
2443 400
2444 8430
2445 8990
2446 7955
2447 4814
2448 7593
2449 7999
2450 3554
2451 4186
2452 4404
2453 57
2454 2041
2455 6667
2456 8227
2457 2825
2458 5399
2459 2478
2460 1931
2461 6567
2462 436
2463 5359
2464 7479
2465 5239
2466 3896
2467 3851
2468 3957
2469 1177
2470 8401
2471 8908
2472 5957
2473 6017
2474 5184
2475 4070
2476 8552
2477 3472
2478 7675
2479 187
2480 566
2481 6482
2482 8159
2483 6244
2484 3202
2485 5751
2486 3756
2487 6648
2488 3212
2489 6157
2490 4999
2491 5015
2492 87
2493 5657
2494 6552
2495 3256
2496 4898
2497 5005
2498 2781
2499 2625
2500 1191
2501 8373
2502 5008
2503 7768
2504 4607
2505 8684
2506 2279
2507 704
2508 3435
2509 4641
2510 8975
2511 5171
2512 6362
2513 2335
2514 4622
2515 8253
2516 6287
2517 3572
2518 760
2519 4787
2520 250
2521 663
2522 2456
2523 6532
2524 6599
2525 737
2526 2560
2527 6589
2528 6206
2529 3279
2530 4662
2531 6504
2532 664
2533 9102
2534 4174
2535 2283
2536 6594
2537 7337
2538 2591
2539 226
2540 1459
2541 2462
2542 8549
2543 4020
2544 4125
2545 8943
2546 3307
2547 4859
2548 2897
2549 3932
2550 4299
2551 1809
2552 2127
2553 7213
2554 1942
2555 2756
2556 5406
2557 4438
2558 6371
2559 1911
2560 5144
2561 8757
2562 1044
2563 2823
2564 1867
2565 2315
2566 7819
2567 1947
2568 1695
2569 3967
2570 1379
2571 4605
2572 9081
2573 6278
2574 7814
2575 6093
2576 3081
2577 6271
2578 2421
2579 2711
2580 1067
2581 8470
2582 4101
2583 1819
2584 2395
2585 8181
2586 6368
2587 3106
2588 2796
2589 5574
2590 7539
2591 6806
2592 6069
2593 8275
2594 651
2595 3907
2596 4446
2597 291
2598 4278
2599 5263
2600 7580
2601 2333
2602 8857
2603 1031
2604 8622
2605 5264
2606 3672
2607 323
2608 2358
2609 1876
2610 2152
2611 8586
2612 5886
2613 3045
2614 6763
2615 9032
2616 7544
2617 6089
2618 3642
2619 7774
2620 2002
2621 7551
2622 5770
2623 163
2624 7995
2625 5990
2626 6958
2627 3546
2628 4792
2629 6950
2630 7003
2631 8794
2632 7623
2633 468
2634 3374
2635 4950
2636 2266
2637 1476
2638 4860
2639 8
2640 1774
2641 5587
2642 7088
2643 3355
2644 4131
2645 8051
2646 7004
2647 4360
2648 3682
2649 1978
2650 6235
2651 674
2652 4570
2653 2388
2654 3107
2655 6018
2656 1977
2657 3291
2658 696
2659 4300
2660 544
2661 3233
2662 1903
2663 8118
2664 1578
2665 9129
2666 3397
2667 4408
2668 7188
2669 1343
2670 1601
2671 5717
2672 3010
2673 3327
2674 4231
2675 4450
2676 5581
2677 7311
2678 62
2679 5139
2680 9009
2681 2389
2682 5368
2683 5061
2684 3545
2685 6727
2686 5266
2687 9092
2688 8223
2689 7868
2690 2459
2691 4421
2692 3197
2693 1285
2694 680
2695 6264
2696 5404
2697 4137
2698 3832
2699 280
2700 3855
2701 3434
2702 6180
2703 309
2704 7640
2705 3924
2706 591
2707 2350
2708 6046
2709 463
2710 228
2711 736
2712 7029
2713 8891
2714 2276
2715 1943
2716 6912
2717 7363
2718 6383
2719 5292
2720 1801
2721 3735
2722 4738
2723 7537
2724 6697
2725 5021
2726 5309
2727 4560
2728 1305
2729 253
2730 5431
2731 7806
2732 1838
2733 7249
2734 1447
2735 2604
2736 8769
2737 3468
2738 7713
2739 1900
2740 5490
2741 5307
2742 1729
2743 1225
2744 4562
2745 8257
2746 4588
2747 4795
2748 6808
2749 5228
2750 1629
2751 6852
2752 2776
2753 8870
2754 8414
2755 1448
2756 6797
2757 7826
2758 6498
2759 386
2760 6356
2761 3754
2762 1786
2763 2867
2764 9099
2765 1885
2766 6269
2767 2991
2768 1687
2769 8817
2770 1093
2771 923
2772 4400
2773 4901
2774 2660
2775 3175
2776 991
2777 2784
2778 9125
2779 4060
2780 4922
2781 507
2782 467
2783 7044
2784 5206
2785 8157
2786 7134
2787 2941
2788 7370
2789 2016
2790 6665
2791 6537
2792 3797
2793 6187
2794 8472
2795 5821
2796 6399
2797 3611
2798 2311
2799 7573
2800 8192
2801 5844
2802 3980
2803 5120
2804 4008
2805 2695
2806 9048
2807 3266
2808 3052
2809 8853
2810 8759
2811 52
2812 3893
2813 8356
2814 4212
2815 7093
2816 2019
2817 2439
2818 7904
2819 7223
2820 7104
2821 6644
2822 8169
2823 6894
2824 8510
2825 5726
2826 444
2827 6454
2828 719
2829 5319
2830 269
2831 5820
2832 7504
2833 7789
2834 5950
2835 7508
2836 5281
2837 4986
2838 8875
2839 6896
2840 2968
2841 1855
2842 8148
2843 5576
2844 7859
2845 3559
2846 2348
2847 7625
2848 1304
2849 5003
2850 8484
2851 3071
2852 8518
2853 6919
2854 1678
2855 7746
2856 6298
2857 7245
2858 4243
2859 2343
2860 4503
2861 2609
2862 8016
2863 6839
2864 6768
2865 3973
2866 6511
2867 8044
2868 1584
2869 8659
2870 1365
2871 976
2872 5304
2873 4026
2874 2164
2875 4386
2876 1781
2877 180
2878 3744
2879 2192
2880 65
2881 3236
2882 2840
2883 521
2884 1092
2885 7937
2886 2928
2887 6049
2888 2290
2889 7092
2890 4280
2891 2431
2892 2062
2893 130
2894 7289
2895 3515
2896 6255
2897 5521
2898 2272
2899 225
2900 8006
2901 7919
2902 7443
2903 4743
2904 8170
2905 8764
2906 3674
2907 8005
2908 8801
2909 6949
2910 1342
2911 1997
2912 2003
2913 7243
2914 950
2915 1822
2916 5001
2917 7193
2918 27
2919 774
2920 4336
2921 1234
2922 6524
2923 7526
2924 2518
2925 6461
2926 6785
2927 4489
2928 3184
2929 209
2930 4056
2931 1416
2932 6137
2933 2654
2934 3378
2935 6323
2936 3393
2937 6408
2938 4977
2939 7726
2940 9119
2941 6466
2942 7914
2943 4657
2944 264
2945 7678
2946 1449
2947 8688
2948 7145
2949 4113
2950 1907
2951 8608
2952 3161
2953 1430
2954 3258
2955 5767
2956 8375
2957 6395
2958 2628
2959 5237
2960 1611
2961 3901
2962 2774
2963 536
2964 4461
2965 6762
2966 4759
2967 448
2968 621
2969 9061
2970 3897
2971 2256
2972 2725
2973 884
2974 3883
2975 2741
2976 1336
2977 4917
2978 6267
2979 656
2980 2149
2981 1862
2982 5579
2983 4991
2984 8862
2985 423
2986 1439
2987 7442
2988 5355
2989 836
2990 3402
2991 86
2992 3873
2993 6095
2994 2610
2995 1514
2996 7101
2997 7902
2998 8296
2999 6020
3000 6379
3001 6010
3002 5125
3003 6771
3004 8468
3005 176
3006 1901
3007 5670
3008 3784
3009 4240
3010 6025
3011 179
3012 3585
3013 4695
3014 4810
3015 4843
3016 8547
3017 4584
3018 5688
3019 1469
3020 7686
3021 8738
3022 2224
3023 1768
3024 8818
3025 8421
3026 2137
3027 1686
3028 1078
3029 1688
3030 764
3031 2077
3032 2378
3033 7144
3034 7895
3035 8341
3036 7935
3037 6370
3038 3094
3039 8360
3040 8007
3041 2182
3042 5465
3043 7084
3044 7684
3045 7438
3046 1056
3047 7613
3048 6127
3049 7020
3050 6435
3051 4579
3052 9089
3053 2999
3054 1085
3055 5565
3056 7972
3057 1130
3058 3722
3059 7063
3060 1070
3061 3553
3062 2929
3063 3874
3064 328
3065 8645
3066 4050
3067 824
3068 4896
3069 1914
3070 1107
3071 1615
3072 7981
3073 6162
3074 6202
3075 7291
3076 6478
3077 4399
3078 5410
3079 6153
3080 2024
3081 5668
3082 121
3083 2011
3084 741
3085 3866
3086 497
3087 653
3088 208
3089 3171
3090 6033
3091 1061
3092 115
3093 4869
3094 1187
3095 428
3096 2254
3097 2793
3098 3136
3099 5813
3100 5029
3101 8872
3102 2010
3103 2581
3104 9019
3105 4672
3106 6850
3107 2267
3108 3259
3109 2533
3110 4492
3111 4875
3112 403
3113 2597
3114 4350
3115 6709
3116 1317
3117 5825
3118 6152
3119 5419
3120 6499
3121 2046
3122 6622
3123 4119
3124 5602
3125 6934
3126 5984
3127 1968
3128 6196
3129 17
3130 9044
3131 7765
3132 374
3133 1861
3134 7013
3135 6023
3136 650
3137 4426
3138 3962
3139 8034
3140 2693
3141 4809
3142 3344
3143 2148
3144 1269
3145 8799
3146 116
3147 6802
3148 4705
3149 754
3150 6205
3151 2598
3152 1059
3153 8313
3154 4639
3155 1690
3156 8070
3157 3160
3158 6480
3159 3954
3160 6862
3161 473
3162 7662
3163 6870
3164 7595
3165 6982
3166 6342
3167 132
3168 5893
3169 4909
3170 1689
3171 7882
3172 2275
3173 495
3174 2835
3175 8390
3176 9006
3177 6384
3178 5202
3179 8981
3180 7601
3181 200
3182 5762
3183 8491
3184 1586
3185 5917
3186 7463
3187 4275
3188 7650
3189 1388
3190 8662
3191 3944
3192 3925
3193 1700
3194 1076
3195 3757
3196 5795
3197 6116
3198 1967
3199 2821
3200 1410
3201 791
3202 3710
3203 8835
3204 8120
3205 8176
3206 4384
3207 5400
3208 5432
3209 4491
3210 5700
3211 5443
3212 7900
3213 7091
3214 2800
3215 7304
3216 4712
3217 838
3218 5924
3219 4133
3220 6885
3221 8248
3222 8604
3223 8506
3224 7957
3225 5250
3226 5007
3227 7236
3228 3968
3229 6720
3230 3211
3231 2104
3232 707
3233 4631
3234 6521
3235 375
3236 5514
3237 2086
3238 8796
3239 7032
3240 3478
3241 5122
3242 628
3243 8339
3244 42
3245 6103
3246 4692
3247 827
3248 1602
3249 5032
3250 2930
3251 3299
3252 8638
3253 117
3254 4895
3255 6639
3256 7261
3257 6337
3258 3860
3259 6983
3260 6398
3261 3289
3262 2226
3263 1539
3264 6931
3265 5035
3266 7699
3267 3102
3268 2574
3269 1222
3270 1247
3271 3880
3272 3868
3273 8093
3274 8402
3275 1767
3276 5720
3277 5445
3278 1990
3279 954
3280 3020
3281 3524
3282 3483
3283 278
3284 5489
3285 7314
3286 2363
3287 1367
3288 570
3289 779
3290 4615
3291 1567
3292 6237
3293 4800
3294 1770
3295 7269
3296 8388
3297 832
3298 6642
3299 4520
3300 5105
3301 5129
3302 6410
3303 8674
3304 1815
3305 2096
3306 3323
3307 5457
3308 169
3309 5582
3310 502
3311 5757
3312 7354
3313 8060
3314 8719
3315 6671
3316 8625
3317 3793
3318 3068
3319 438
3320 7114
3321 5126
3322 943
3323 2523
3324 7366
3325 8322
3326 2511
3327 2732
3328 5596
3329 3454
3330 4608
3331 4196
3332 3027
3333 150
3334 6696
3335 2809
3336 1389
3337 1415
3338 1634
3339 9012
3340 3361
3341 5484
3342 6527
3343 6588
3344 8789
3345 213
3346 7462
3347 6270
3348 5360
3349 8351
3350 7445
3351 1560
3352 5115
3353 1667
3354 3165
3355 2734
3356 988
3357 6223
3358 1155
3359 7588
3360 831
3361 6186
3362 4442
3363 2357
3364 7037
3365 3222
3366 8901
3367 2328
3368 565
3369 3004
3370 4696
3371 5881
3372 2501
3373 8778
3374 2461
3375 788
3376 9002
3377 874
3378 348
3379 2842
3380 122
3381 4235
3382 7343
3383 7627
3384 5635
3385 8439
3386 4765
3387 8740
3388 7776
3389 194
3390 8266
3391 2730
3392 6626
3393 3753
3394 4850
3395 4069
3396 518
3397 142
3398 8584
3399 8561
3400 1293
3401 1762
3402 1413
3403 810
3404 945
3405 4904
3406 5026
3407 1480
3408 2043
3409 5730
3410 1648
3411 5933
3412 8061
3413 8371
3414 7047
3415 85
3416 8226
3417 7635
3418 1564
3419 6610
3420 2295
3421 7189
3422 7862
3423 3051
3424 8641
3425 8805
3426 2416
3427 3966
3428 4737
3429 8602
3430 1610
3431 3062
3432 6525
3433 8212
3434 1518
3435 9103
3436 1315
3437 2816
3438 8196
3439 1658
3440 6388
3441 69
3442 9003
3443 6994
3444 3662
3445 8004
3446 8019
3447 761
3448 2319
3449 301
3450 5885
3451 43
3452 3859
3453 3812
3454 1526
3455 297
3456 1066
3457 5783
3458 1521
3459 3459
3460 3929
3461 1975
3462 6008
3463 5186
3464 5686
3465 1950
3466 8832
3467 4388
3468 2371
3469 8921
3470 9109
3471 4575
3472 9130
3473 5926
3474 4054
3475 63
3476 1425
3477 2942
3478 2228
3479 8090
3480 6421
3481 4254
3482 2237
3483 7857
3484 4058
3485 6693
3486 6516
3487 8418
3488 3525
3489 138
3490 4697
3491 58
3492 7163
3493 6633
3494 1649
3495 4521
3496 6133
3497 6494
3498 1028
3499 7346
3500 8500
3501 4603
3502 1870
3503 8300
3504 3994
3505 3333
3506 3763
3507 8165
3508 7643
3509 471
3510 7773
3511 22
3512 1803
3513 6690
3514 3409
3515 773
3516 2822
3517 6290
3518 4524
3519 513
3520 7680
3521 3815
3522 1512
3523 1732
3524 8705
3525 3916
3526 8651
3527 335
3528 5600
3529 8058
3530 7828
3531 8464
3532 4265
3533 1359
3534 8900
3535 7403
3536 4690
3537 1244
3538 2091
3539 3406
3540 1810
3541 1375
3542 3863
3543 2880
3544 2433
3545 3488
3546 5656
3547 1871
3548 5124
3549 4966
3550 5430
3551 1625
3552 4410
3553 9021
3554 4283
3555 2185
3556 7392
3557 7175
3558 7967
3559 46
3560 7356
3561 750
3562 2034
3563 5321
3564 4294
3565 1605
3566 928
3567 5874
3568 1233
3569 287
3570 7659
3571 2753
3572 4192
3573 3887
3574 1116
3575 4261
3576 5030
3577 511
3578 2926
3579 6443
3580 4618
3581 2020
3582 7083
3583 3644
3584 711
3585 3804
3586 6664
3587 8140
3588 4228
3589 430
3590 7401
3591 7008
3592 6981
3593 9133
3594 1184
3595 4670
3596 3249
3597 8940
3598 2162
3599 3850
3600 6423
3601 7802
3602 3996
3603 8611
3604 8409
3605 8293
3606 2291
3607 2385
3608 6738
3609 7474
3610 4217
3611 7217
3612 2742
3613 7822
3614 5075
3615 5750
3616 1742
3617 4362
3618 6275
3619 8335
3620 1289
3621 2110
3622 8938
3623 7690
3624 3940
3625 1267
3626 1358
3627 4504
3628 4331
3629 8482
3630 6607
3631 2265
3632 4522
3633 6584
3634 4857
3635 5501
3636 843
3637 4470
3638 6972
3639 4921
3640 178
3641 3539
3642 1114
3643 3999
3644 13
3645 5342
3646 5787
3647 7943
3648 4423
3649 1994
3650 4940
3651 7239
3652 7696
3653 8496
3654 6201
3655 1982
3656 3296
3657 2436
3658 5856
3659 3018
3660 953
3661 5789
3662 8592
3663 4457
3664 7584
3665 2724
3666 469
3667 3329
3668 2836
3669 7429
3670 3281
3671 4621
3672 3269
3673 7042
3674 2177
3675 772
3676 8521
3677 8962
3678 7074
3679 4655
3680 780
3681 955
3682 2504
3683 3566
3684 4911
3685 4806
3686 5812
3687 8605
3688 9015
3689 5676
3690 5485
3691 1111
3692 1385
3693 5823
3694 5989
3695 2573
3696 4507
3697 1532
3698 8660
3699 1390
3700 3305
3701 5460
3702 5975
3703 3667
3704 7933
3705 5651
3706 3707
3707 7878
3708 1352
3709 2085
3710 5599
3711 8733
3712 7255
3713 2107
3714 2923
3715 333
3716 6179
3717 1511
3718 3790
3719 899
3720 7168
3721 5043
3722 4735
3723 2636
3724 8122
3725 5708
3726 306
3727 2306
3728 7305
3729 7405
3730 6860
3731 8850
3732 619
3733 5027
3734 3670
3735 358
3736 7075
3737 4871
3738 1614
3739 6933
3740 5187
3741 7563
3742 1640
3743 219
3744 3665
3745 1006
3746 4378
3747 7475
3748 2542
3749 6227
3750 8607
3751 5395
3752 6027
3753 3246
3754 6029
3755 5146
3756 6688
3757 9059
3758 5102
3759 457
3760 3724
3761 6315
3762 7715
3763 8347
3764 5389
3765 6627
3766 5093
3767 4427
3768 2890
3769 3496
3770 8871
3771 5690
3772 4563
3773 243
3774 8493
3775 679
3776 6091
3777 7254
3778 4586
3779 1021
3780 2340
3781 4165
3782 850
3783 5655
3784 7106
3785 5160
3786 2814
3787 2783
3788 4888
3789 6855
3790 744
3791 6581
3792 3000
3793 4148
3794 9104
3795 1552
3796 3639
3797 6611
3798 4397
3799 3938
3800 3315
3801 8536
3802 856
3803 6946
3804 8860
3805 3123
3806 4205
3807 1411
3808 8208
3809 3653
3810 5538
3811 1472
3812 4467
3813 6907
3814 4453
3815 927
3816 1458
3817 1879
3818 8222
3819 4346
3820 3774
3821 4319
3822 296
3823 9074
3824 5133
3825 2230
3826 1275
3827 7040
3828 160
3829 5475
3830 994
3831 1713
3832 5370
3833 2460
3834 8110
3835 7299
3836 2078
3837 8164
3838 8742
3839 3451
3840 8583
3841 7763
3842 6276
3843 8454
3844 7710
3845 5637
3846 606
3847 4572
3848 8097
3849 931
3850 9138
3851 5636
3852 487
3853 5099
3854 3485
3855 6739
3856 5915
3857 8014
3858 8562
3859 1033
3860 5540
3861 66
3862 7069
3863 4495
3864 4044
3865 1408
3866 7451
3867 3767
3868 2329
3869 2556
3870 1692
3871 4689
3872 2347
3873 3821
3874 2246
3875 5085
3876 6514
3877 8893
3878 8114
3879 8556
3880 7989
3881 2370
3882 496
3883 277
3884 1261
3885 610
3886 542
3887 2655
3888 6948
3889 6296
3890 691
3891 2710
3892 7228
3893 7521
3894 1235
3895 367
3896 4547
3897 6605
3898 136
3899 8546
3900 7752
3901 5412
3902 4248
3903 929
3904 5424
3905 6107
3906 8635
3907 6000
3908 8786
3909 8679
3910 6794
3911 5965
3912 1902
3913 1676
3914 935
3915 3723
3916 8534
3917 816
3918 6412
3919 4367
3920 891
3921 1493
3922 3906
3923 2213
3924 8138
3925 2354
3926 690
3927 5391
3928 5488
3929 477
3930 4891
3931 7923
3932 7221
3933 4227
3934 3977
3935 6916
3936 7025
3937 2166
3938 5539
3939 407
3940 7945
3941 2951
3942 6456
3943 5807
3944 937
3945 1684
3946 6672
3947 4067
3948 3820
3949 7014
3950 6990
3951 708
3952 465
3953 2418
3954 4451
3955 5786
3956 1009
3957 4141
3958 4987
3959 123
3960 4967
3961 8781
3962 7938
3963 2668
3964 4838
3965 2284
3966 4110
3967 3506
3968 2662
3969 8160
3970 6551
3971 6694
3972 1373
3973 1621
3974 7155
3975 1618
3976 4611
3977 6884
3978 8095
3979 6752
3980 6411
3981 3902
3982 2054
3983 5837
3984 2860
3985 3668
3986 9100
3987 8487
3988 1019
3989 7136
3990 5928
3991 6628
3992 6999
3993 6121
3994 2618
3995 5285
3996 3061
3997 1073
3998 2052
3999 5854
4000 5207
4001 4464
4002 8620
4003 1010
4004 3023
4005 2142
4006 3037
4007 2064
4008 8273
4009 4994
4010 1131
4011 3099
4012 5334
4013 6
4014 6803
4015 8166
4016 6760
4017 9057
4018 5665
4019 7918
4020 21
4021 1637
4022 4554
4023 7404
4024 3531
4025 8374
4026 5616
4027 8062
4028 6652
4029 8792
4030 324
4031 7028
4032 9096
4033 5270
4034 2657
4035 3077
4036 5534
4037 5578
4038 8162
4039 3536
4040 4790
4041 2496
4042 5692
4043 7856
4044 8732
4045 7176
4046 389
4047 3745
4048 796
4049 6104
4050 8292
4051 1121
4052 4471
4053 9137
4054 787
4055 2881
4056 9030
4057 7011
4058 8008
4059 5464
4060 5849
4061 7424
4062 952
4063 6314
4064 8379
4065 8712
4066 5936
4067 2083
4068 3583
4069 7061
4070 956
4071 3465
4072 4604
4073 112
4074 1215
4075 171
4076 902
4077 270
4078 3717
4079 1148
4080 1099
4081 7046
4082 1427
4083 3618
4084 7244
4085 7375
4086 8338
4087 1956
4088 8550
4089 3955
4090 1881
4091 5887
4092 5482
4093 5788
4094 3049
4095 7262
4096 1314
4097 555
4098 1694
4099 7198
4100 1852
4101 7426
4102 317
4103 4730
4104 5236
4105 4477
4106 5549
4107 3354
4108 6674
4109 6857
4110 5023
4111 5166
4112 2541
4113 8319
4114 3507
4115 7785
4116 2070
4117 7165
4118 4138
4119 8843
4120 5533
4121 1368
4122 8770
4123 4656
4124 2869
4125 6924
4126 4971
4127 559
4128 7203
4129 3659
4130 2535
4131 6837
4132 1030
4133 8865
4134 802
4135 1628
4136 7926
4137 1923
4138 2624
4139 6172
4140 3607
4141 4103
4142 7035
4143 7858
4144 4866
4145 8859
4146 3193
4147 2206
4148 8321
4149 2221
4150 3857
4151 8629
4152 2722
4153 5607
4154 919
4155 1466
4156 2506
4157 4564
4158 3128
4159 5505
4160 8993
4161 3183
4162 6213
4163 3484
4164 5104
4165 2677
4166 7988
4167 4381
4168 2403
4169 8065
4170 1460
4171 7682
4172 3033
4173 6750
4174 2379
4175 7467
4176 7962
4177 354
4178 490
4179 8627
4180 1370
4181 1820
4182 871
4183 2763
4184 3342
4185 5510
4186 2404
4187 5667
4188 6943
4189 6743
4190 397
4191 9017
4192 8713
4193 125
4194 5220
4195 8258
4196 8328
4197 8346
4198 4413
4199 2992
4200 2239
4201 1973
4202 5605
4203 3401
4204 1555
4205 7204
4206 2094
4207 451
4208 6776
4209 9106
4210 8644
4211 803
4212 7636
4213 2993
4214 7645
4215 14
4216 1180
4217 1104
4218 8819
4219 4014
4220 3939
4221 748
4222 5025
4223 2810
4224 2949
4225 5945
4226 6437
4227 6708
4228 2829
4229 3593
4230 6602
4231 7761
4232 7965
4233 499
4234 8311
4235 7968
4236 2415
4237 8146
4238 8844
4239 5744
4240 2974
4241 6209
4242 2861
4243 8838
4244 2957
4245 6163
4246 1636
4247 6488
4248 7283
4249 2804
4250 6400
4251 237
4252 6523
4253 6065
4254 4209
4255 2552
4256 7481
4257 5348
4258 108
4259 4975
4260 3727
4261 5421
4262 2540
4263 7142
4264 2322
4265 5988
4266 4347
4267 8433
4268 7160
4269 7488
4270 3768
4271 5436
4272 4726
4273 1203
4274 2244
4275 4739
4276 982
4277 3987
4278 6784
4279 2706
4280 4785
4281 8643
4282 1296
4283 2561
4284 5011
4285 2223
4286 7070
4287 8555
4288 4155
4289 441
4290 7450
4291 4824
4292 3755
4293 4529
4294 1682
4295 543
4296 3407
4297 5967
4298 4487
4299 5934
4300 7230
4301 70
4302 141
4303 6439
4304 6962
4305 4123
4306 1699
4307 6624
4308 7183
4309 6215
4310 7306
4311 3437
4312 2114
4313 1176
4314 3399
4315 6849
4316 1919
4317 5383
4318 6961
4319 1748
4320 6424
4321 8595
4322 5101
4323 183
4324 5269
4325 8539
4326 2365
4327 7874
4328 74
4329 1780
4330 1525
4331 7553
4332 4802
4333 5323
4334 1661
4335 5345
4336 1875
4337 1286
4338 6843
4339 3229
4340 9020
4341 2553
4342 7787
4343 8383
4344 8948
4345 2528
4346 8553
4347 4332
4348 6114
4349 706
4350 3461
4351 3825
4352 853
4353 5327
4354 7308
4355 182
4356 8554
4357 262
4358 8642
4359 6281
4360 1961
4361 3014
4362 6240
4363 3841
4364 646
4365 4619
4366 7836
4367 303
4368 3557
4369 2749
4370 7674
4371 3568
4372 8032
4373 3620
4374 6600
4375 1679
4376 3842
4377 5335
4378 9042
4379 6730
4380 1364
4381 5852
4382 8846
4383 1930
4384 72
4385 4910
4386 3245
4387 2858
4388 4700
4389 8887
4390 1281
4391 6555
4392 3475
4393 6381
4394 4098
4395 1232
4396 5999
4397 1204
4398 5900
4399 3696
4400 7607
4401 214
4402 8878
4403 605
4404 5469
4405 3396
4406 2063
4407 7961
4408 7099
4409 4686
4410 4887
4411 722
4412 2108
4413 698
4414 2317
4415 4383
4416 64
4417 2794
4418 2372
4419 2102
4420 4761
4421 6963
4422 2124
4423 34
4424 3540
4425 1740
4426 747
4427 4720
4428 2241
4429 5938
4430 4827
4431 6559
4432 6547
4433 2885
4434 5773
4435 1683
4436 4166
4437 5273
4438 5896
4439 4430
4440 5474
4441 342
4442 3686
4443 1494
4444 2670
4445 6350
4446 1573
4447 3532
4448 5039
4449 4872
4450 7812
4451 1802
4452 666
4453 6805
4454 8184
4455 8352
4456 917
4457 8224
4458 2106
4459 5082
4460 3230
4461 3878
4462 7970
4463 2536
4464 5594
4465 3702
4466 6893
4467 238
4468 5739
4469 3440
4470 1011
4471 231
4472 603
4473 2453
4474 6016
4475 7705
4476 6971
4477 2802
4478 3606
4479 4557
4480 3146
4481 4073
4482 9026
4483 186
4484 3737
4485 7626
4486 7026
4487 3127
4488 2648
4489 1890
4490 7259
4491 91
4492 4340
4493 8918
4494 3277
4495 687
4496 6868
4497 2966
4498 2438
4499 6853
4500 3385
4501 3239
4502 5440
4503 369
4504 7184
4505 3534
4506 6185
4507 3746
4508 724
4509 2330
4510 8911
4511 3971
4512 7568
4513 8327
4514 7718
4515 3109
4516 6318
4517 1340
4518 6489
4519 5685
4520 2584
4521 8422
4522 2675
4523 6899
4524 6531
4525 1062
4526 1474
4527 1864
4528 4876
4529 5204
4530 4771
4531 6579
4532 1198
4533 3492
4534 3187
4535 8330
4536 3584
4537 7576
4538 4150
4539 6872
4540 3533
4541 1663
4542 8637
4543 7473
4544 6007
4545 2038
4546 320
4547 4488
4548 8131
4549 715
4550 1854
4551 2155
4552 8124
4553 1654
4554 3447
4555 2665
4556 7292
4557 8570
4558 6500
4559 5580
4560 7837
4561 5045
4562 311
4563 6865
4564 4819
4565 5332
4566 5041
4567 7395
4568 6288
4569 3139
4570 7725
4571 1020
4572 3522
4573 3690
4574 7216
4575 4818
4576 5377
4577 3526
4578 7741
4579 5923
4580 31
4581 8531
4582 643
4583 4006
4584 2369
4585 3891
4586 504
4587 1122
4588 751
4589 4304
4590 11
4591 8603
4592 56
4593 1848
4594 7565
4595 1190
4596 4725
4597 2990
4598 586
4599 7517
4600 8737
4601 4706
4602 6404
4603 6074
4604 4846
4605 4324
4606 2870
4607 249
4608 7513
4609 6939
4610 3787
4611 4202
4612 8687
4613 2236
4614 3826
4615 4074
4616 6243
4617 3366
4618 8270
4619 8397
4620 1888
4621 1371
4622 3497
4623 2819
4624 2720
4625 8249
4626 3035
4627 1152
4628 6493
4629 6040
4630 4273
4631 3831
4632 9083
4633 9070
4634 8314
4635 6331
4636 5316
4637 1718
4638 1205
4639 4374
4640 2205
4641 7452
4642 8050
4643 5902
4644 8589
4645 5638
4646 5962
4647 3179
4648 6660
4649 156
4650 4015
4651 5203
4652 4862
4653 2959
4654 3143
4655 2377
4656 4553
4657 5247
4658 8294
4659 7523
4660 7425
4661 6457
4662 5318
4663 5903
4664 4972
4665 8477
4666 2532
4667 3133
4668 1959
4669 1558
4670 2006
4671 4395
4672 3595
4673 8630
4674 8152
4675 5841
4676 6710
4677 3341
4678 2198
4679 7139
4680 1530
4681 3795
4682 4537
4683 1643
4684 6897
4685 6174
4686 6991
4687 2408
4688 1043
4689 4881
4690 4175
4691 166
4692 6957
4693 5308
4694 4472
4695 8038
4696 344
4697 8803
4698 8378
4699 8001
4700 3666
4701 424
4702 5033
4703 1523
4704 5932
4705 4130
4706 6647
4707 4928
4708 5240
4709 4716
4710 4582
4711 2117
4712 2510
4713 4187
4714 4181
4715 4365
4716 8023
4717 1328
4718 6888
4719 1814
4720 4671
4721 4483
4722 8969
4723 1330
4724 7838
4725 8054
4726 4214
4727 3829
4728 9111
4729 6823
4730 4297
4731 7760
4732 7770
4733 8785
4734 3663
4735 4963
4736 2158
4737 6001
4738 7501
4739 6188
4740 3613
4741 7320
4742 8474
4743 3581
4744 5209
4745 6677
4746 332
4747 83
4748 7158
4749 6510
4750 7620
4751 672
4752 1992
4753 1243
4754 470
4755 7321
4756 4221
4757 5271
4758 4076
4759 716
4760 2632
4761 8855
4762 6099
4763 3985
4764 1520
4765 561
4766 5798
4767 7615
4768 3191
4769 3993
4770 2721
4771 6761
4772 339
4773 8766
4774 1979
4775 2268
4776 2755
4777 4036
4778 5137
4779 3714
4780 3201
4781 8251
4782 1464
4783 6649
4784 865
4785 6321
4786 2909
4787 4375
4788 5214
4789 8708
4790 4216
4791 7253
4792 8827
4793 5511
4794 4683
4795 331
4796 1727
4797 5972
4798 6820
4799 5515
4800 1319
4801 2475
4802 4931
4803 8922
4804 7432
4805 8098
4806 8281
4807 4329
4808 2234
4809 7146
4810 1925
4811 9049
4812 5173
4813 3942
4814 7494
4815 578
4816 7936
4817 6409
4818 453
4819 6800
4820 5748
4821 236
4822 8393
4823 9118
4824 4799
4825 3395
4826 516
4827 266
4828 267
4829 2008
4830 3890
4831 7804
4832 1751
4833 7581
4834 4244
4835 4193
4836 5283
4837 4573
4838 1540
4839 7301
4840 2963
4841 2021
4842 6044
4843 5982
4844 3360
4845 6603
4846 4644
4847 8091
4848 2203
4849 7449
4850 8365
4851 4272
4852 2891
4853 4144
4854 1378
4855 8594
4856 4402
4857 2393
4858 206
4859 1123
4860 1322
4861 6795
4862 8132
4863 8954
4864 6094
4865 9120
4866 8232
4867 5892
4868 393
4869 6571
4870 7410
4871 1626
4872 6228
4873 3695
4874 7419
4875 2587
4876 3575
4877 2160
4878 3995
4879 155
4880 198
4881 5425
4882 5929
4883 3016
4884 3835
4885 4139
4886 1891
4887 5779
4888 8225
4889 3771
4890 8130
4891 3278
4892 8043
4893 3148
4894 3471
4895 7638
4896 2608
4897 7031
4898 5796
4899 1833
4900 3521
4901 3325
4902 5592
4903 2031
4904 1454
4905 3178
4906 2178
4907 6247
4908 8145
4909 3011
4910 921
4911 5278
4912 7975
4913 7689
4914 6236
4915 6460
4916 7816
4917 7532
4918 767
4919 3085
4920 2253
4921 8947
4922 3933
4923 3609
4924 2605
4925 1697
4926 6005
4927 2170
4928 7701
4929 1055
4930 877
4931 8883
4932 3156
4933 6144
4934 1272
4935 1348
4936 8960
4937 5843
4938 2525
4939 6367
4940 1528
4941 3621
4942 3022
4943 7993
4944 3809
4945 1086
4946 2153
4947 1273
4948 4366
4949 8577
4950 6013
4951 2911
4952 7779
4953 5371
4954 1894
4955 3818
4956 5834
4957 432
4958 6612
4959 5157
4960 8667
4961 5161
4962 1527
4963 7105
4964 2115
4965 2165
4966 1381
4967 8267
4968 1898
4969 120
4970 5645
4971 151
4972 6140
4973 3482
4974 4992
4975 7618
4976 5626
4977 9023
4978 251
4979 2978
4980 8624
4981 3046
4982 669
4983 8344
4984 9121
4985 3936
4986 7597
4987 1237
4988 4452
4989 6650
4990 5472
4991 6774
4992 2572
4993 1022
4994 3114
4995 3694
4996 1475
4997 7842
4998 6394
4999 2248
5000 7352
5001 5168
5002 4574
5003 392
5004 8668
5005 4699
5006 2555
5007 6183
5008 5028
5009 4617
5010 6427
5011 7708
5012 778
5013 8538
5014 8069
5015 7428
5016 9022
5017 4392
5018 5420
5019 817
5020 2123
5021 6312
5022 6565
5023 4172
5024 1338
5025 6669
5026 6608
5027 6363
5028 8750
5029 4028
5030 6469
5031 1137
5032 8481
5033 5174
5034 8914
5035 6518
5036 308
5037 1392
5038 1726
5039 2548
5040 4167
5041 1946
5042 2847
5043 6940
5044 677
5045 6048
5046 7577
5047 6807
5048 6989
5049 5551
5050 1226
5051 3450
5052 8175
5053 8177
5054 1082
5055 657
5056 6577
5057 3811
5058 4089
5059 738
5060 8685
5061 7677
5062 322
5063 2615
5064 5230
5065 3479
5066 3816
5067 5908
5068 1792
5069 4955
5070 5411
5071 5331
5072 8066
5073 8840
5074 6309
5075 3915
5076 3720
5077 7362
5078 1719
5079 5325
5080 6037
5081 391
5082 1014
5083 8180
5084 1288
5085 7076
5086 639
5087 7866
5088 5562
5089 7281
5090 8744
5091 5805
5092 8361
5093 1145
5094 3142
5095 4927
5096 390
5097 3975
5098 103
5099 439
5100 5353
5101 4878
5102 1404
5103 4682
5104 5056
5105 2334
5106 2422
5107 9078
5108 7241
5109 5183
5110 8952
5111 4206
5112 8548
5113 2208
5114 5650
5115 2289
5116 8149
5117 8665
5118 7369
5119 7339
5120 7197
5121 4835
5122 3339
5123 7380
5124 1217
5125 7500
5126 1406
5127 1828
5128 5570
5129 2476
5130 5568
5131 1110
5132 2257
5133 7911
5134 1702
5135 2614
5136 3604
5137 2232
5138 4108
5139 4777
5140 1887
5141 4112
5142 2558
5143 7590
5144 7778
5145 8896
5146 3205
5147 3918
5148 2520
5149 8910
5150 2179
5151 5960
5152 5138
5153 6733
5154 7755
5155 4982
5156 6707
5157 4868
5158 315
5159 2303
5160 992
5161 8078
5162 7227
5163 8736
5164 8610
5165 9127
5166 7949
5167 5054
5168 5771
5169 5678
5170 2250
5171 6397
5172 6351
5173 3974
5174 3216
5175 7639
5176 8189
5177 8445
5178 661
5179 1541
5180 3556
5181 124
5182 5087
5183 3308
5184 5608
5185 525
5186 1772
5187 9014
5188 7065
5189 1965
5190 7562
5191 3633
5192 1058
5193 7728
5194 6842
5195 8353
5196 6804
5197 4723
5198 3742
5199 1077
5200 1545
5201 5051
5202 1181
5203 8252
5204 915
5205 5661
5206 1173
5207 7167
5208 3837
5209 1798
5210 3945
5211 7864
5212 5038
5213 5293
5214 9038
5215 6655
5216 9122
5217 8508
5218 1280
5219 4338
5220 5831
5221 2590
5222 6614
5223 4225
5224 227
5225 2218
5226 3875
5227 5282
5228 131
5229 678
5230 2872
5231 1627
5232 8935
5233 900
5234 220
5235 3140
5236 8804
5237 5407
5238 8873
5239 1846
5240 2009
5241 999
5242 3353
5243 2141
5244 7143
5245 8505
5246 6060
5247 7867
5248 5920
5249 3196
5250 2703
5251 2863
5252 4025
5253 77
5254 8673
5255 6960
5256 4396
5257 4817
5258 1851
5259 4051
5260 7265
5261 7049
5262 4001
5263 6778
5264 6199
5265 1529
5266 5376
5267 735
5268 3040
5269 5350
5270 4469
5271 5480
5272 4841
5273 1839
5274 8125
5275 1353
5276 5159
5277 5295
5278 5992
5279 244
5280 7268
5281 4596
5282 6463
5283 6779
5284 8420
5285 5986
5286 1760
5287 2723
5288 4290
5289 2630
5290 1277
5291 8326
5292 7162
5293 7080
5294 8229
5295 2546
5296 4191
5297 1710
5298 7367
5299 1763
5300 162
5301 6873
5302 3445
5303 1363
5304 7030
5305 2364
5306 1574
5307 3512
5308 6764
5309 2970
5310 6132
5311 2679
5312 8613
5313 7132
5314 1255
5315 4779
5316 2497
5317 6828
5318 8606
5319 89
5320 8447
5321 1354
5322 5313
5323 7664
5324 3444
5325 222
5326 1387
5327 8831
5328 53
5329 1969
5330 1170
5331 6028
5332 4957
5333 6283
5334 5219
5335 5179
5336 8791
5337 8951
5338 1230
5339 1310
5340 2312
5341 2709
5342 5714
5343 1434
5344 6501
5345 1251
5346 48
5347 8219
5348 8026
5349 568
5350 4291
5351 4816
5352 3443
5353 4685
5354 964
5355 1501
5356 9060
5357 6545
5358 6079
5359 1612
5360 7844
5361 2780
5362 4842
5363 3594
5364 4474
5365 3636
5366 5059
5367 7123
5368 2849
5369 4674
5370 8437
5371 6877
5372 5426
5373 5696
5374 2344
5375 5966
5376 5242
5377 7331
5378 1646
5379 6366
5380 8828
5381 319
5382 5429
5383 1398
5384 6445
5385 5143
5386 8343
5387 7190
5388 6659
5389 5819
5390 7579
5391 3743
5392 2700
5393 5147
5394 1376
5395 5912
5396 840
5397 7394
5398 2172
5399 2156
5400 2914
5401 5693
5402 8861
5403 3824
5404 7599
5405 3508
5406 3827
5407 1859
5408 3721
5409 6942
5410 1369
5411 8598
5412 6951
5413 1872
5414 9075
5415 1331
5416 3489
5417 0
5418 8485
5419 5210
5420 7849
5421 7192
5422 7578
5423 7211
5424 4804
5425 3917
5426 2466
5427 49
5428 2111
5429 1208
5430 4078
5431 5737
5432 8290
5433 3822
5434 4762
5435 8306
5436 6316
5437 4032
5438 1966
5439 4017
5440 3706
5441 8706
5442 6024
5443 6425
5444 3189
5445 7089
5446 4551
5447 4010
5448 7280
5449 8238
5450 6539
5451 396
5452 8898
5453 5079
5454 1034
5455 5705
5456 5070
5457 2631
5458 4263
5459 6413
5460 7978
5461 1219
5462 493
5463 5486
5464 6434
5465 7932
5466 7688
5467 3268
5468 7226
5469 7533
5470 1384
5471 1609
5472 1830
5473 7166
5474 4948
5475 5306
5476 161
5477 5492
5478 4282
5479 2139
5480 916
5481 190
5482 1091
5483 5354
5484 1821
5485 970
5486 6352
5487 3185
5488 481
5489 2277
5490 8168
5491 4420
5492 784
5493 1428
5494 8106
5495 947
5496 6359
5497 7336
5498 9027
5499 1096
5500 1593
5501 6732
5502 695
5503 5633
5504 2765
5505 8012
5506 3015
5507 7820
5508 3280
5509 4372
5510 4668
5511 7670
5512 3369
5513 1918
5514 2479
5515 3703
5516 2080
5517 6770
5518 8055
5519 4845
5520 145
5521 3206
5522 4434
5523 4031
5524 1685
5525 7940
5526 7798
5527 8542
5528 4416
5529 4539
5530 1295
5531 3275
5532 641
5533 7090
5534 8723
5535 5199
5536 8040
5537 4894
5538 1201
5539 1199
5540 6251
5541 2071
5542 7302
5543 5058
5544 883
5545 40
5546 4821
5547 6908
5548 5905
5549 8471
5550 5024
5551 4583
5552 6173
5553 41
5554 8295
5555 8802
5556 6124
5557 9132
5558 3836
5559 6678
5560 2879
5561 3640
5562 8655
5563 2346
5564 7953
5565 6006
5566 6522
5567 5738
5568 7614
5569 6541
5570 2190
5571 5718
5572 922
5573 201
5574 3505
5575 3976
5576 8836
5577 4530
5578 1631
5579 2380
5580 4045
5581 7187
5582 7027
5583 6009
5584 8187
5585 5064
5586 4431
5587 8442
5588 5958
5589 1535
5590 1632
5591 9073
5592 4168
5593 8382
5594 6055
5595 5153
5596 9135
5597 8301
5598 6150
5599 5151
5600 4731
5601 2876
5602 795
5603 904
5604 5190
5605 7788
5606 4343
5607 2251
5608 3371
5609 7179
5610 3158
5611 2594
5612 5268
5613 1913
5614 2626
5615 6360
5616 8017
5617 5152
5618 2474
5619 6204
5620 8039
5621 6769
5622 5194
5623 4935
5624 5288
5625 6147
5626 4203
5627 433
5628 3110
5629 488
5630 1400
5631 4382
5632 1866
5633 165
5634 5405
5635 6330
5636 2975
5637 8809
5638 3430
5639 8235
5640 2059
5641 6643
5642 3956
5643 6256
5644 6373
5645 6097
5646 6746
5647 5022
5648 6557
5649 5557
5650 5018
5651 6616
5652 8199
5653 2761
5654 6261
5655 3769
5656 7486
5657 1300
5658 7039
5659 1633
5660 8845
5661 8895
5662 7288
5663 5081
5664 4160
5665 5260
5666 5794
5667 689
5668 5589
5669 5585
5670 7036
5671 7186
5672 7557
5673 9142
5674 5532
5675 2752
5676 484
5677 5701
5678 4840
5679 101
5680 2355
5681 6310
5682 1536
5683 658
5684 2865
5685 7545
5686 8307
5687 5535
5688 6909
5689 8428
5690 8739
5691 1736
5692 1162
5693 2146
5694 6406
5695 8115
5696 1435
5697 9054
5698 1083
5699 7177
5700 6096
5701 6429
5702 8195
5703 6440
5704 8310
5705 3337
5706 858
5707 1793
5708 828
5709 7733
5710 1166
5711 8317
5712 5175
5713 4942
5714 755
5715 6113
5716 7272
5717 4000
5718 1144
5719 962
5720 2705
5721 2454
5722 9116
5723 3747
5724 8399
5725 4195
5726 6101
5727 2113
5728 4034
5729 6141
5730 4510
5731 8701
5732 5473
5733 3190
5734 6679
5735 6535
5736 7381
5737 5076
5738 1921
5739 4042
5740 5225
5741 8535
5742 6470
5743 4567
5744 2882
5745 564
5746 1941
5747 1784
5748 230
5749 7505
5750 5971
5751 9033
5752 5818
5753 8821
5754 5561
5755 9004
5756 4900
5757 8385
5758 8207
5759 6836
5760 5163
5761 159
5762 8048
5763 1917
5764 4932
5765 4037
5766 7775
5767 4501
5768 4250
5769 1853
5770 3204
5771 7668
5772 5680
5773 8767
5774 6191
5775 3619
5776 6792
5777 1051
5778 5167
5779 139
5780 3643
5781 3697
5782 553
5783 6035
5784 4722
5785 4968
5786 7073
5787 7140
5788 6507
5789 1932
5790 1097
5791 7251
5792 3688
5793 3297
5794 5976
5795 2798
5796 5244
5797 7724
5798 5162
5799 5528
5800 5930
5801 5919
5802 5996
5803 8907
5804 1195
5805 985
5806 8323
5807 6475
5808 3561
5809 6906
5810 683
5811 3839
5812 5947
5813 2345
5814 383
5815 2220
5816 36
5817 3654
5818 3922
5819 366
5820 8697
5821 5603
5822 4912
5823 1452
5824 7850
5825 2134
5826 8067
5827 3992
5828 6706
5829 2373
5830 7960
5831 3626
5832 8528
5833 1953
5834 3740
5835 6376
5836 5251
5837 2068
5838 6257
5839 2592
5840 6098
5841 460
5842 6426
5843 7173
5844 2903
5845 6195
5846 3270
5847 7324
5848 1897
5849 6851
5850 7694
5851 2324
5852 4783
5853 7608
5854 8820
5855 2249
5856 1154
5857 1426
5858 1150
5859 2998
5860 613
5861 7700
5862 888
5863 1050
5864 4870
5865 8986
5866 1559
5867 1481
5868 7871
5869 8774
5870 6357
5871 7064
5872 8191
5873 7813
5874 2877
5875 4465
5876 7854
5877 3271
5878 4556
5879 3528
5880 5165
5881 2704
5882 805
5883 4371
5884 5784
5885 4988
5886 7966
5887 7876
5888 7497
5889 7284
5890 4499
5891 340
5892 4239
5893 2862
5894 1007
5895 7917
5896 5952
5897 5013
5898 1805
5899 7974
5900 1691
5901 5707
5902 793
5903 1484
5904 2772
5905 2492
5906 3210
5907 5969
5908 2575
5909 7207
5910 3833
5911 2235
5912 2801
5913 1841
5914 5428
5915 5298
5916 6364
5917 4760
5918 2025
5919 7383
5920 4732
5921 4460
5922 170
5923 830
5924 3982
5925 3861
5926 620
5927 2571
5928 9141
5929 5336
5930 5792
5931 7125
5932 905
5933 1374
5934 4937
5935 6549
5936 533
5937 7502
5938 1465
5939 2680
5940 7737
5941 3764
5942 7529
5943 2407
5944 8052
5945 4844
5946 1827
5947 6082
5948 967
5949 7956
5950 440
5951 7242
5952 6938
5953 6725
5954 6442
5955 7586
5956 4142
5957 4598
5958 7484
5959 3466
5960 7159
5961 1337
5962 5235
5963 1192
5964 8825
5965 5652
5966 2513
5967 1741
5968 5550
5969 705
5970 3293
5971 5973
5972 592
5973 377
5974 6471
5975 489
5976 1957
5977 2072
5978 961
5979 889
5980 6272
5981 1616
5982 1639
5983 8601
5984 1299
5985 4197
5986 3510
5987 8209
5988 8995
5989 2588
5990 7825
5991 7869
5992 8010
5993 7119
5994 1037
5995 5068
5996 2519
5997 2682
5998 2894
5999 6277
6000 4285
6001 4650
6002 8813
6003 2264
6004 4021
6005 3649
6006 6210
6007 8174
6008 6492
6009 4159
6010 8073
6011 557
6012 2782
6013 3335
6014 9018
6015 5983
6016 4532
6017 4352
6018 7224
6019 148
6020 6666
6021 5052
6022 193
6023 8129
6024 4701
6025 1856
6026 4916
6027 352
6028 316
6029 3734
6030 9113
6031 6613
6032 3118
6033 857
6034 7087
6035 3765
6036 3314
6037 5729
6038 362
6039 3733
6040 4218
6041 7257
6042 1509
6043 1206
6044 8522
6045 6641
6046 425
6047 3970
6048 9053
6049 6968
6050 6653
6051 6169
6052 907
6053 2382
6054 3655
6055 8933
6056 7386
6057 435
6058 6745
6059 8716
6060 5627
6061 2387
6062 8265
6063 9028
6064 5839
6065 3088
6066 3331
6067 232
6068 7454
6069 7469
6070 7941
6071 6167
6072 5496
6073 376
6074 7757
6075 2409
6076 1094
6077 1240
6078 4727
6079 2647
6080 5074
6081 4526
6082 3704
6083 1758
6084 98
6085 3226
6086 2886
6087 2337
6088 1223
6089 8771
6090 1115
6091 7041
6092 368
6093 5610
6094 1880
6095 8395
6096 2690
6097 8913
6098 866
6099 7338
6100 8116
6101 1008
6102 5724
6103 5497
6104 5196
6105 4719
6106 9063
6107 1510
6108 4232
6109 1084
6110 8634
6111 1623
6112 6856
6113 8721
6114 4063
6115 1515
6116 1141
6117 5734
6118 5776
6119 7264
6120 1622
6121 5949
6122 860
6123 727
6124 2652
6125 7005
6126 8376
6127 5254
6128 3843
6129 5727
6130 6777
6131 5994
6132 5078
6133 3248
6134 7766
6135 4721
6136 4880
6137 3789
6138 5387
6139 381
6140 1095
6141 3658
6142 556
6143 2383
6144 2603
6145 8059
6146 7767
6147 4666
6148 7851
6149 188
6150 7896
6151 5526
6152 5653
6153 394
6154 2017
6155 8657
6156 7212
6157 5639
6158 1984
6159 6980
6160 4527
6161 334
6162 7298
6163 7959
6164 1799
6165 8342
6166 2159
6167 604
6168 4189
6169 8100
6170 2194
6171 7606
6172 6651
6173 2353
6174 2444
6175 2980
6176 1813
6177 3219
6178 1704
6179 2286
6180 416
6181 5379
6182 4642
6183 6268
6184 5899
6185 3799
6186 7487
6187 4292
6188 1349
6189 5246
6190 506
6191 1002
6192 1257
6193 4043
6194 5508
6195 5531
6196 4625
6197 7156
6198 2362
6199 9098
6200 7566
6201 4897
6202 5279
6203 1522
6204 7499
6205 3535
6206 7098
6207 7303
6208 855
6209 1738
6210 4145
6211 4929
6212 4609
6213 6392
6214 2144
6215 3565
6216 8102
6217 6385
6218 2644
6219 5672
6220 5224
6221 8722
6222 6225
6223 4437
6224 1606
6225 494
6226 8966
6227 7225
6228 7434
6229 4199
6230 3713
6231 1915
6232 6618
6233 8000
6234 933
6235 3498
6236 8652
6237 940
6238 8621
6239 6054
6240 408
6241 357
6242 5518
6243 8386
6244 7759
6245 2674
6246 5911
6247 7743
6248 8885
6249 3773
6250 1497
6251 1981
6252 3879
6253 6181
6254 6050
6255 949
6256 3240
6257 2482
6258 2443
6259 1598
6260 2507
6261 6663
6262 7218
6263 1064
6264 4116
6265 3959
6266 957
6267 5053
6268 3116
6269 2938
6270 2737
6271 6782
6272 786
6273 1260
6274 3006
6275 608
6276 7439
6277 1202
6278 4171
6279 6129
6280 5366
6281 5944
6282 804
6283 7267
6284 365
6285 8756
6286 8564
6287 6858
6288 1252
6289 7295
6290 5019
6291 5862
6292 1675
6293 3477
6294 3796
6295 5050
6296 3021
6297 271
6298 4496
6299 5243
6300 6646
6301 4559
6302 4933
6303 1227
6304 626
6305 4223
6306 8569
6307 2621
6308 2717
6309 2428
6310 1248
6311 8362
6312 6927
6313 3012
6314 1963
6315 960
6316 6538
6317 8268
6318 4164
6319 5853
6320 2131
6321 7658
6322 2638
6323 3834
6324 8018
6325 2622
6326 5846
6327 4939
6328 870
6329 6072
6330 421
6331 848
6332 660
6333 5111
6334 268
6335 6756
6336 1308
6337 6481
6338 930
6339 3225
6340 2883
6341 1962
6342 5842
6343 4855
6344 1537
6345 5340
6346 5112
6347 3120
6348 4830
6349 6844
6350 697
6351 2199
6352 3856
6353 248
6354 4658
6355 4323
6356 8466
6357 4856
6358 3283
6359 54
6360 2217
6361 4219
6362 5710
6363 8683
6364 5049
6365 9005
6366 3013
6367 3691
6368 965
6369 732
6370 3274
6371 7151
6372 8807
6373 2613
6374 918
6375 4245
6376 2039
6377 7671
6378 336
6379 4500
6380 6956
6381 1524
6382 2683
6383 8834
6384 6917
6385 1877
6386 4752
6387 4459
6388 3064
6389 8486
6390 4380
6391 6846
6392 8676
6393 7637
6394 725
6395 7498
6396 3260
6397 1818
6398 8994
6399 7361
6400 4505
6401 8984
6402 5252
6403 3100
6404 4587
6405 6348
6406 6869
6407 7388
6408 5543
6409 5272
6410 2338
6411 8979
6412 4077
6413 635
6414 671
6415 4412
6416 7071
6417 4444
6418 3779
6419 6230
6420 7589
6421 4364
6422 5808
6423 1016
6424 7515
6425 4281
6426 5980
6427 3060
6428 7823
6429 508
6430 4376
6431 7309
6432 5871
6433 5180
6434 548
6435 459
6436 2045
6437 4852
6438 3503
6439 5375
6440 4833
6441 7830
6442 3298
6443 8108
6444 7282
6445 4801
6446 5704
6447 5149
6448 1052
6449 1461
6450 4831
6451 818
6452 75
6453 4836
6454 8337
6455 7066
6456 652
6457 2986
6458 8682
6459 5463
6460 6431
6461 7033
6462 5916
6463 4086
6464 3474
6465 5096
6466 2323
6467 1583
6468 2585
6469 6737
6470 3302
6471 5529
6472 6864
6473 1165
6474 2981
6475 4610
6476 2018
6477 3661
6478 8237
6479 1765
6480 6075
6481 6450
6482 8462
6483 6734
6484 6921
6485 8949
6486 4177
6487 2726
6488 7371
6489 8188
6490 6533
6491 1356
6492 5832
6493 353
6494 3134
6495 5065
6496 2905
6497 4687
6498 7567
6499 2971
6500 3623
6501 6080
6502 2904
6503 4947
6504 8884
6505 7610
6506 3781
6507 1656
6508 6801
6509 1306
6510 3941
6511 1641
6512 8494
6513 1350
6514 8488
6515 2764
6516 7683
6517 177
6518 1362
6519 4807
6520 529
6521 7180
6522 4718
6523 6284
6524 8053
6525 429
6526 7102
6527 4093
6528 3124
6529 2489
6530 3208
6531 6887
6532 8451
6533 8694
6534 3386
6535 6322
6536 8334
6537 2906
6538 2853
6539 2360
6540 4120
6541 5793
6542 4849
6543 7360
6544 2209
6545 4107
6546 8285
6547 5889
6548 8013
6549 4684
6550 7897
6551 6874
6552 3501
6553 4913
6554 3436
6555 1200
6556 6755
6557 2593
6558 8441
6559 6476
6560 274
6561 2815
6562 338
6563 8286
6564 2118
6565 5682
6566 2811
6567 6212
6568 3257
6569 312
6570 1079
6571 4654
6572 8890
6573 5169
6574 3708
6575 2984
6576 6083
6577 2470
6578 627
6579 682
6580 6687
6581 5423
6582 5959
6583 4005
6584 7546
6585 5164
6586 2240
6587 6910
6588 7086
6589 295
6590 19
6591 7987
6592 298
6593 5809
6594 4170
6595 5499
6596 909
6597 1112
6598 2685
6599 8234
6600 6332
6601 5559
6602 2824
6603 1795
6604 5775
6605 5597
6606 1716
6607 5097
6608 254
6609 8045
6610 6353
6611 5092
6612 3097
6613 2729
6614 3376
6615 3172
6616 184
6617 152
6618 4756
6619 3
6620 1836
6621 4342
6622 3909
6623 607
6624 3439
6625 8519
6626 8041
6627 6317
6628 2515
6629 6767
6630 3660
6631 8135
6632 1241
6633 6831
6634 2933
6635 5130
6636 9108
6637 2766
6638 6263
6639 5433
6640 6056
6641 3244
6642 3571
6643 5951
6644 3928
6645 599
6646 356
6647 1720
6648 2864
6649 673
6650 3380
6651 7201
6652 5172
6653 8996
6654 8565
6655 4946
6656 1927
6657 7006
6658 3732
6659 8200
6660 5341
6661 5434
6662 6822
6663 4033
6664 1896
6665 6294
6666 7831
6667 1503
6668 8653
6669 4711
6670 6369
6671 1386
6672 2508
6673 7835
6674 5702
6675 7077
6676 849
6677 6689
6678 4624
6679 8800
6680 4387
6681 3646
6682 8616
6683 6787
6684 5227
6685 8119
6686 8953
6687 1124
6688 3412
6689 1912
6690 4676
6691 5048
6692 3513
6693 3813
6694 8730
6695 7431
6696 6513
6697 5502
6698 7747
6699 6829
6700 6177
6701 2505
6702 7861
6703 3290
6704 9114
6705 3398
6706 7110
6707 753
6708 8675
6709 2646
6710 4753
6711 5673
6712 7550
6713 887
6714 2950
6715 111
6716 6486
6717 8639
6718 1047
6719 7456
6720 4207
6721 8182
6722 6845
6723 4660
6724 8768
6725 6757
6726 5948
6727 2806
6728 8272
6729 7921
6730 9071
6731 1916
6732 172
6733 8927
6734 1401
6735 4322
6736 4449
6737 7722
6738 6954
6739 3819
6740 981
6741 1477
6742 6751
6743 1119
6744 6601
6745 7229
6746 5722
6747 7258
6748 8749
6749 2964
6750 4057
6751 1873
6752 4707
6753 3899
6754 6701
6755 2878
6756 6847
6757 4546
6758 8331
6759 5394
6760 6328
6761 8446
6762 3615
6763 8217
6764 4210
6765 5740
6766 3224
6767 1149
6768 8636
6769 7824
6770 6194
6771 6087
6772 2956
6773 4509
6774 898
6775 4628
6776 9094
6777 1970
6778 7378
6779 3154
6780 3345
6781 6668
6782 5083
6783 3180
6784 1127
6785 6497
6786 2012
6787 3095
6788 3093
6789 7632
6790 5624
6791 455
6792 1550
6793 6937
6794 6291
6795 3574
6796 6515
6797 6798
6798 1576
6799 4998
6800 6491
6801 3766
6802 2707
6803 3030
6804 3104
6805 2757
6806 6775
6807 5558
6808 3960
6809 1049
6810 4793
6811 2339
6812 1189
6813 868
6814 3564
6815 4134
6816 2607
6817 4751
6818 2171
6819 3931
6820 2050
6821 3111
6822 6596
6823 6617
6824 4409
6825 8419
6826 4094
6827 3758
6828 5877
6829 2227
6830 1042
6831 5483
6832 431
6833 808
6834 4902
6835 6895
6836 2245
6837 3573
6838 2672
6839 3927
6840 8626
6841 2813
6842 88
6843 8787
6844 1456
6845 2936
6846 6593
6847 7698
6848 7605
6849 3370
6850 3772
6851 1171
6852 5545
6853 8511
6854 5303
6855 4796
6856 6084
6857 5564
6858 5388
6859 3284
6860 8490
6861 2549
6862 8973
6863 5365
6864 2762
6865 8945
6866 1147
6867 4429
6868 5575
6869 3176
6870 78
6871 3082
6872 6637
6873 8527
6874 8777
6875 3814
6876 4183
6877 7273
6878 7634
6879 2215
6880 819
6881 24
6882 4136
6883 8071
6884 8220
6885 759
6886 9000
6887 7644
6888 263
6889 4515
6890 4301
6891 4884
6892 5305
6893 6135
6894 4978
6895 8699
6896 6289
6897 2187
6898 4858
6899 4436
6900 7612
6901 2831
6902 1508
6903 1581
6904 3760
6905 825
6906 6380
6907 4334
6908 1442
6909 5435
6910 1483
6911 2057
6912 2481
6913 2760
6914 2294
6915 8278
6916 6544
6917 1531
6918 7928
6919 7817
6920 3871
6921 5094
6922 4100
6923 8096
6924 29
6925 3759
6926 2273
6927 2589
6928 3005
6929 3356
6930 1519
6931 3807
6932 3979
6933 2081
6934 1486
6935 6260
6936 3788
6937 5512
6938 5883
6939 1063
6940 2314
6941 5060
6942 60
6943 8658
6944 8748
6945 4681
6946 2658
6947 8316
6948 7400
6949 6903
6950 4812
6951 5791
6952 5563
6953 7852
6954 7894
6955 1024
6956 5546
6957 4124
6958 1596
6959 6574
6960 2889
6961 8231
6962 6118
6963 4262
6964 9024
6965 2606
6966 8372
6967 2067
6968 1958
6969 4117
6970 6736
6971 3002
6972 7572
6973 7886
6974 5201
6975 7888
6976 749
6977 8411
6978 207
6979 2551
6980 4208
6981 6686
6982 5280
6983 81
6984 854
6985 5711
6986 7602
6987 3705
6988 7922
6989 2013
6990 7054
6991 6964
6992 6759
6993 6115
6994 45
6995 305
6996 9065
6997 5352
6998 289
6999 3173
7000 4224
7001 5560
7002 6840
7003 7994
7004 7611
7005 8523
7006 3166
7007 1773
7008 1421
7009 1826
7010 3520
7011 8498
7012 6902
7013 5454
7014 1167
7015 4543
7016 6165
7017 8509
7018 6012
7019 1182
7020 7222
7021 3591
7022 5876
7023 210
7024 9124
7025 4246
7026 1783
7027 4065
7028 5649
7029 144
7030 5590
7031 3400
7032 8810
7033 2051
7034 3254
7035 3541
7036 1744
7037 2262
7038 5743
7039 7875
7040 1869
7041 2902
7042 1453
7043 799
7044 5968
7045 5470
7046 3683
7047 5118
7048 2359
7049 959
7050 582
7051 5069
7052 2874
7053 7707
7054 8646
7055 1498
7056 4538
7057 600
7058 5907
7059 6041
7060 7344
7061 5071
7062 1569
7063 551
7064 8233
7065 2667
7066 9115
7067 8571
7068 5103
7069 7899
7070 4401
7071 7672
7072 7478
7073 8718
7074 6252
7075 4018
7076 6977
7077 5195
7078 7982
7079 1361
7080 8198
7081 3276
7082 7096
7083 6343
7084 2302
7085 3806
7086 4590
7087 3086
7088 1647
7089 6929
7090 5037
7091 2839
7092 5442
7093 1256
7094 3039
7095 4040
7096 540
7097 3844
7098 5736
7099 4541
7100 8782
7101 4593
7102 6619
7103 7492
7104 2790
7105 2838
7106 1138
7107 3253
7108 3056
7109 5276
7110 4361
7111 822
7112 8172
7113 6681
7114 2097
7115 5329
7116 3544
7117 5544
7118 1630
7119 7661
7120 7527
7121 4309
7122 4680
7123 4981
7124 2570
7125 8663
7126 9046
7127 4873
7128 3403
7129 528
7130 4784
7131 8524
7132 5735
7133 5741
7134 6344
7135 5447
7136 2922
7137 3149
7138 5444
7139 4983
7140 5086
7141 6817
7142 16
7143 886
7144 3511
7145 6077
7146 4398
7147 5845
7148 6891
7149 3791
7150 6160
7151 7085
7152 2269
7153 6347
7154 4127
7155 192
7156 4258
7157 1883
7158 6111
7159 5946
7160 8854
7161 602
7162 8033
7163 1533
7164 5816
7165 5369
7166 4118
7167 726
7168 3310
7169 6485
7170 733
7171 829
7172 3579
7173 1271
7174 5683
7175 3685
7176 5840
7177 8633
7178 8909
7179 4523
7180 8190
7181 360
7182 4773
7183 1213
7184 3700
7185 2944
7186 4267
7187 7286
7188 409
7189 3075
7190 8669
7191 6374
7192 8746
7193 3241
7194 7278
7195 1488
7196 8355
7197 6587
7198 3365
7199 1812
7200 6145
7201 2154
7202 8046
7203 944
7204 659
7205 4373
7206 3946
7207 8404
7208 1013
7209 304
7210 3079
7211 6789
7212 8185
7213 2898
7214 6220
7215 6699
7216 387
7217 175
7218 2384
7219 100
7220 7206
7221 835
7222 2768
7223 3218
7224 2183
7225 1301
7226 3919
7227 6036
7228 9013
7229 8081
7230 4115
7231 505
7232 709
7233 2746
7234 8623
7235 1874
7236 1607
7237 5462
7238 2927
7239 3316
7240 5666
7241 5687
7242 5364
7243 196
7244 814
7245 3854
7246 2214
7247 1952
7248 5604
7249 5573
7250 224
7251 1544
7252 1194
7253 4484
7254 5978
7255 8211
7256 996
7257 1585
7258 3587
7259 2751
7260 7642
7261 971
7262 5583
7263 8453
7264 4180
7265 1023
7266 7330
7267 8695
7268 8741
7269 510
7270 6336
7271 5861
7272 3419
7273 4847
7274 8762
7275 486
7276 7909
7277 5555
7278 6754
7279 6420
7280 589
7281 688
7282 2871
7283 5326
7284 1323
7285 1218
7286 158
7287 6436
7288 44
7289 8977
7290 6915
7291 1210
7292 5520
7293 4979
7294 2514
7295 2367
7296 1159
7297 1357
7298 1424
7299 1657
7300 6657
7301 1287
7302 5211
7303 6913
7304 2447
7305 8937
7306 2727
7307 8123
7308 7002
7309 5513
7310 5439
7311 8735
7312 9086
7313 1709
7314 3864
7315 3935
7316 4048
7317 7323
7318 4083
7319 3220
7320 1333
7321 5731
7322 6978
7323 7807
7324 6670
7325 10
7326 4511
7327 8117
7328 3716
7329 1579
7330 7846
7331 7477
7332 2659
7333 446
7334 5956
7335 8072
7336 8497
7337 2583
7338 3913
7339 2565
7340 2537
7341 8459
7342 3029
7343 5998
7344 8141
7345 1817
7346 2600
7347 6569
7348 2321
7349 2522
7350 4128
7351 6182
7352 3990
7353 3119
7354 569
7355 6835
7356 3608
7357 2406
7358 2678
7359 4363
7360 9052
7361 906
7362 25
7363 1160
7364 3001
7365 7476
7366 5408
7367 5363
7368 1468
7369 798
7370 3948
7371 7738
7372 1662
7373 3991
7374 3776
7375 1829
7376 7609
7377 4736
7378 1036
7379 1347
7380 775
7381 2740
7382 2807
7383 1072
7384 6604
7385 8305
7386 3221
7387 5703
7388 2047
7389 5780
7390 3108
7391 8575
7392 1407
7393 7490
7394 7164
7395 6841
7396 1764
7397 1754
7398 8579
7399 4316
7400 1102
7401 5504
7402 1804
7403 2212
7404 7300
7405 4794
7406 1313
7407 1470
7408 3988
7409 8992
7410 5333
7411 3894
7412 6883
7413 1844
7414 4648
7415 4462
7416 8186
7417 7692
7418 1103
7419 4571
7420 4390
7421 5716
7422 5910
7423 5942
7424 2056
7425 1396
7426 3408
7427 8230
7428 3145
7429 4663
7430 6827
7431 7754
7432 370
7433 2913
7434 4976
7435 5752
7436 1543
7437 8851
7438 8431
7439 4092
7440 6076
7441 8980
7442 5863
7443 4257
7444 7382
7445 6560
7446 235
7447 8332
7448 8254
7449 4694
7450 743
7451 6448
7452 1228
7453 4808
7454 2830
7455 6015
7456 5675
7457 7744
7458 3336
7459 4874
7460 8934
7461 4513
7462 5277
7463 6542
7464 1216
7465 3421
7466 5642
7467 3009
7468 2138
7469 648
7470 692
7471 1587
7472 9087
7473 28
7474 5055
7475 482
7476 545
7477 554
7478 2116
7479 2448
7480 6239
7481 7128
7482 5838
7483 5090
7484 5777
7485 2394
7486 6748
7487 8246
7488 8143
7489 6390
7490 492
7491 4222
7492 6517
7493 5774
7494 6142
7495 8779
7496 285
7497 4945
7498 8814
7499 1617
7500 8806
7501 6788
7502 5715
7503 2128
7504 2331
7505 8582
7506 6747
7507 5868
7508 2157
7509 6854
7510 6554
7511 7109
7512 6861
7513 8049
7514 3251
7515 577
7516 7233
7517 6474
7518 1868
7519 7194
7520 1924
7521 2997
7522 3228
7523 6086
7524 9047
7525 7990
7526 2229
7527 8848
7528 1538
7529 5584
7530 8147
7531 7327
7532 5888
7533 3550
7534 385
7535 5123
7536 7795
7537 3731
7538 3300
7539 4905
7540 1928
7541 7307
7542 1153
7543 8929
7544 4892
7545 1451
7546 3570
7547 7355
7548 6986
7549 1933
7550 3381
7551 1703
7552 3656
7553 3862
7554 1865
7555 7649
7556 3770
7557 4519
7558 1988
7559 1397
7560 8381
7561 119
7562 2168
7563 5866
7564 5154
7565 4576
7566 7171
7567 2282
7568 801
7569 2599
7570 1089
7571 4486
7572 594
7573 99
7574 4122
7575 6216
7576 4419
7577 6765
7578 1161
7579 1624
7580 6143
7581 4673
7582 6108
7583 2623
7584 7889
7585 5198
7586 5257
7587 710
7588 3616
7589 7833
7590 8027
7591 5894
7592 7148
7593 5749
7594 8465
7595 7208
7596 4485
7597 789
7598 8194
7599 2437
7600 3272
7601 9008
7602 3282
7603 8025
7604 6302
7605 7781
7606 8308
7607 5835
7608 3803
7609 1548
7610 2044
7611 3725
7612 8793
7613 7260
7614 783
7615 1012
7616 1556
7617 8856
7618 785
7619 8350
7620 861
7621 6159
7622 5630
7623 5156
7624 520
7625 8260
7626 806
7627 181
7628 2805
7629 5267
7630 1106
7631 1128
7632 7506
7633 7881
7634 8707
7635 2602
7636 2857
7637 6796
7638 4071
7639 4715
7640 3989
7641 6026
7642 3425
7643 6520
7644 3332
7645 3840
7646 7691
7647 1479
7648 7808
7649 4064
7650 5790
7651 7124
7652 2901
7653 2048
7654 7656
7655 4693
7656 8377
7657 8197
7658 2049
7659 5855
7660 1728
7661 7952
7662 7351
7663 94
7664 47
7665 3167
7666 7418
7667 2697
7668 5865
7669 9067
7670 7396
7671 7296
7672 6207
7673 5177
7674 6799
7675 3647
7676 361
7677 6375
7678 1906
7679 2413
7680 3223
7681 3514
7682 3830
7683 1294
7684 4417
7685 7100
7686 3473
7687 8576
7688 8867
7689 941
7690 2778
7691 3446
7692 4959
7693 3301
7694 8348
7695 7365
7696 3243
7697 8795
7698 3105
7699 1816
7700 5721
7701 8560
7702 6830
7703 8247
7704 4105
7705 450
7706 6178
7707 550
7708 986
7709 3285
7710 2689
7711 3043
7712 2238
7713 7379
7714 7681
7715 8597
7716 746
7717 3736
7718 6259
7719 2686
7720 3324
7721 4635
7722 3069
7723 6955
7724 2919
7725 8581
7726 4797
7727 7884
7728 6634
7729 7512
7730 7818
7731 4422
7732 2207
7733 1516
7734 3442
7735 7667
7736 3067
7737 5953
7738 1246
7739 7703
7740 3853
7741 1278
7742 1840
7743 3998
7744 790
7745 3054
7746 5679
7747 4581
7748 7174
7749 195
7750 5754
7751 2297
7752 5623
7753 2173
7754 1937
7755 9058
7756 1409
7757 665
7758 1053
7759 6936
7760 4566
7761 7574
7762 6758
7763 5330
7764 7742
7765 8956
7766 5322
7767 8998
7768 1737
7769 8502
7770 6327
7771 6773
7772 7929
7773 7038
7774 8693
7775 8303
7776 2458
7777 6031
7778 4411
7779 4638
7780 197
7781 2197
7782 1485
7783 6970
7784 5302
7785 7535
7786 3953
7787 4106
7788 6875
7789 7095
7790 4190
7791 8336
7792 7920
7793 2271
7794 7408
7795 6810
7796 4811
7797 4348
7798 4158
7799 2082
7800 6117
7801 2669
7802 6879
7803 9139
7804 880
7805 1005
7806 6064
7807 3384
7808 3458
7809 2143
7810 3215
7811 645
7812 6123
7813 8987
7814 6307
7815 3602
7816 8031
7817 9045
7818 1588
7819 1035
7820 4256
7821 4013
7822 6224
7823 5346
7824 5362
7825 3624
7826 1169
7827 7056
7828 4770
7829 5466
7830 3429
7831 2899
7832 4096
7833 2788
7834 4640
7835 5110
7836 2925
7837 6477
7838 1749
7839 5541
7840 1163
7841 33
7842 4724
7843 4079
7844 1991
7845 5588
7846 4502
7847 3090
7848 6233
7849 2465
7850 1423
7851 174
7852 5088
7853 6365
7854 7205
7855 3817
7856 1207
7857 6464
7858 4035
7859 3627
7860 404
7861 3427
7862 8670
7863 4494
7864 6334
7865 1100
7866 5554
7867 5418
7868 3101
7869 8689
7870 5536
7871 3463
7872 7907
7873 6483
7874 5328
7875 7235
7876 4545
7877 782
7878 6519
7879 7721
7880 7541
7881 2293
7882 7977
7883 3678
7884 1999
7885 1620
7886 3455
7887 4951
7888 2912
7889 2837
7890 2562
7891 1482
7892 951
7893 6197
7894 7009
7895 575
7896 38
7897 3405
7898 6189
7899 2084
7900 7633
7901 1146
7902 84
7903 2000
7904 1693
7905 5006
7906 6889
7907 2281
7908 2258
7909 5358
7910 8573
7911 426
7912 23
7913 5799
7914 6726
7915 4233
7916 4317
7917 9029
7918 2848
7919 6995
7920 3019
7921 3676
7922 1886
7923 3162
7924 3912
7925 5349
7926 6301
7927 2296
7928 4678
7929 1229
7930 1863
7931 4614
7932 3518
7933 105
7934 4589
7935 258
7936 8329
7937 6345
7938 2977
7939 3073
7940 6126
7941 8173
7942 6969
7943 1715
7944 6004
7945 1136
7946 7950
7947 6266
7948 4822
7949 8830
7950 6741
7951 2200
7952 8263
7953 7954
7954 7495
7955 5810
7956 5836
7957 8961
7958 5689
7959 330
7960 6625
7961 167
7962 8483
7963 1750
7964 4241
7965 8256
7966 908
7967 1604
7968 7310
7969 3560
7970 5593
7971 1418
7972 247
7973 7466
7974 7191
7975 8015
7976 8241
7977 2698
7978 4867
7979 2995
7980 1178
7981 2326
7982 5879
7983 7986
7984 6293
7985 3802
7986 5479
7987 1668
7988 5176
7989 8590
7990 7732
7991 2731
7992 1735
7993 1796
7994 523
7995 5296
7996 6415
7997 7202
7998 6496
7999 8088
8000 8967
8001 8568
8002 6711
8003 6821
8004 498
8005 7735
8006 3900
8007 55
8008 6011
8009 157
8010 7893
8011 2361
8012 3886
8013 6576
8014 740
8015 655
8016 4748
8017 6190
8018 1391
8019 2976
8020 3711
8021 4200
8022 896
8023 3981
8024 2
8025 3050
8026 1065
8027 7079
8028 4837
8029 7491
8030 7912
8031 1419
8032 3898
8033 7178
8034 2616
8035 8438
8036 2779
8037 8042
8038 3164
8039 3422
8040 8816
8041 373
8042 926
8043 7446
8044 2996
8045 4813
8046 6125
8047 8216
8048 7709
8049 3889
8050 8529
8051 1787
8052 4506
8053 1644
8054 129
8055 1478
8056 7712
8057 2263
8058 729
8059 3065
8060 2405
8061 8879
8062 5258
8063 4649
8064 6959
8065 5233
8066 2826
8067 4030
8068 8155
8069 7275
8070 8558
8071 6246
8072 8882
8073 4236
8074 675
8075 4019
8076 1118
8077 3652
8078 7181
8079 4637
8080 5478
8081 9072
8082 5660
8083 6791
8084 114
8085 1087
8086 5178
8087 2529
8088 256
8089 4997
8090 4276
8091 3650
8092 699
8093 6585
8094 4839
8095 3441
8096 1446
8097 1038
8098 1211
8099 2129
8100 3460
8101 7556
8102 1334
8103 8869
8104 1156
8105 7592
8106 8271
8107 5135
8108 7412
8109 7520
8110 2748
8111 1491
8112 5891
8113 2441
8114 8354
8115 5914
8116 7910
8117 5468
8118 588
8119 6926
8120 1344
8121 6295
8122 2859
8123 7796
8124 3267
8125 3775
8126 2090
8127 4595
8128 6620
8129 1745
8130 6904
8131 1274
8132 7924
8133 1175
8134 1495
8135 5036
8136 8503
8137 4920
8138 2435
8139 2642
8140 3287
8141 329
8142 2037
8143 8989
8144 359
8145 5503
8146 5895
8147 2797
8148 203
8149 7024
8150 1355
8151 8798
8152 7051
8153 2468
8154 867
8155 7628
8156 6920
8157 7131
8158 9025
8159 4169
8160 2509
8161 3042
8162 7458
8163 8649
8164 2916
8165 7103
8166 617
8167 8574
8168 4665
8169 5289
8170 894
8171 1553
8172 7619
8173 7496
8174 3238
8175 1561
8176 6859
8177 8359
8178 2988
8179 6249
8180 7353
8181 5107
8182 3677
8183 2260
8184 5347
8185 2259
8186 7583
8187 6214
8188 3311
8189 3852
8190 4969
8191 7277
8192 3234
8193 1500
8194 3965
8195 1324
8196 3577
8197 4463
8198 3895
8199 8915
8200 5569
8201 7240
8202 2399
8203 6051
8204 5943
8205 5615
8206 7397
8207 3476
8208 4480
8209 4632
8210 1120
8211 1433
8212 7973
8213 8632
8214 3147
8215 6382
8216 1655
8217 8925
8218 6002
8219 4114
8220 4550
8221 5010
8222 4636
8223 6019
8224 4561
8225 1882
8226 668
8227 2736
8228 5215
8229 5212
8230 6242
8231 6630
8232 5925
8233 7569
8234 3058
8235 8028
8236 7423
8237 5598
8238 8886
8239 3634
8240 7663
8241 1
8242 3509
8243 1462
8244 3306
8245 8833
8246 1134
8247 2817
8248 2135
8249 6878
8250 5677
8251 6203
8252 8965
8253 5409
8254 3858
8255 6311
8256 800
8257 8476
8258 517
8259 6038
8260 1188
8261 8392
8262 8628
8263 8654
8264 7571
8265 6635
8266 1026
8267 6241
8268 5290
8269 1592
8270 2852
8271 8847
8272 4293
8273 5869
8274 8936
8275 2989
8276 7312
8277 7441
8278 2397
8279 5524
8280 3129
8281 7971
8282 3516
8283 2374
8284 629
8285 2485
8286 1778
8287 3958
8288 2442
8289 2979
8290 1292
8291 1135
8292 4007
8293 769
8294 8715
8295 2119
8296 1998
8297 2352
8298 6987
8299 7720
8300 2578
8301 418
8302 9097
8303 3055
8304 8926
8305 6814
8306 676
8307 8591
8308 618
8309 6815
8310 9068
8311 8780
8312 4974
8313 1279
8314 9079
8315 73
8316 8650
8317 1017
8318 7653
8319 2420
8320 1339
8321 4498
8322 4973
8323 1706
8324 938
8325 67
8326 5229
8327 8242
8328 6473
8329 7946
8330 3729
8331 4330
8332 6061
8333 2411
8334 2846
8335 8126
8336 3637
8337 3214
8338 670
8339 7129
8340 5216
8341 1843
8342 3428
8343 5080
8344 1705
8345 8396
8346 7447
8347 8142
8348 7963
8349 5084
8350 9112
8351 20
8352 6717
8353 3622
8354 8902
8355 7799
8356 6279
8357 4053
8358 3537
8359 8822
8360 8760
8361 2500
8362 5063
8363 5009
8364 714
8365 299
8366 5756
8367 739
8368 6781
8369 476
8370 7877
8371 6346
8372 3589
8373 8753
8374 2032
8375 2888
8376 5397
8377 2516
8378 3417
8379 1327
8380 713
8381 4853
8382 6930
8383 32
8384 3885
8385 1309
8386 8076
8387 1972
8388 4919
8389 4349
8390 95
8391 3951
8392 3538
8393 5860
8394 1670
8395 703
8396 2960
8397 5814
8398 7934
8399 2545
8400 6059
8401 7185
8402 4468
8403 4925
8404 1568
8405 4803
8406 632
8407 5042
8408 5390
8409 5523
8410 1487
8411 4514
8412 3638
8413 731
8414 327
8415 5402
8416 597
8417 4024
8418 3420
8419 2342
8420 7000
8421 7113
8422 8276
8423 8134
8424 881
8425 3103
8426 6680
8427 7489
8428 2851
8429 2325
8430 3433
8431 8983
8432 4865
8433 2947
8434 8988
8435 7372
8436 8288
8437 920
8438 1004
8439 7657
8440 7793
8441 636
8442 7570
8443 7984
8444 6254
8445 7043
8446 8765
8447 7328
8448 512
8449 694
8450 7863
8451 4229
8452 1001
8453 5452
8454 2042
8455 5525
8456 4552
8457 3738
8458 3712
8459 4775
8460 4962
8461 6793
8462 3026
8463 4734
8464 8161
8465 1431
8466 8720
8467 7516
8468 8030
8469 6349
8470 6704
8471 275
8472 5312
8473 6952
8474 7730
8475 1857
8476 1209
8477 8852
8478 6458
8479 3152
8480 5248
8481 2948
8482 4616
8483 6966
8484 7560
8485 5833
8486 4345
8487 5262
8488 3785
8489 6495
8490 8747
8491 7908
8492 3199
8493 5231
8494 8363
8495 4252
8496 480
8497 5393
8498 8530
8499 7461
8500 1549
8501 503
8502 3364
8503 7411
8504 901
8505 5898
8506 6490
8507 7591
8508 4980
8509 7374
8510 9080
8511 7719
8512 6695
8513 2425
8514 4479
8515 4903
8516 8111
8517 583
8518 7220
8519 1926
8520 4132
8521 2188
8522 2432
8523 4890
8524 8094
8525 8917
8526 6744
8527 6609
8528 2193
8529 593
8530 1329
8531 2820
8532 1808
8533 712
8534 7045
8535 405
8536 2918
8537 5884
8538 6580
8539 7524
8540 4943
8541 9134
8542 1158
8543 7402
8544 8811
8545 6119
8546 4433
8547 96
8548 272
8549 8068
8550 7503
8551 3846
8552 7170
8553 8214
8554 1580
8555 2557
8556 5245
8557 6675
8558 4679
8559 4776
8560 5858
8561 1659
8562 6386
8563 2531
8564 8009
8565 479
8566 4359
8567 4466
8568 5
8569 6818
8570 2564
8571 5034
8572 4926
8573 6728
8574 212
8575 2122
8576 349
8577 7930
8578 1563
8579 5991
8580 6308
8581 2375
8582 3726
8583 8077
8584 1504
8585 2280
8586 4298
8587 2136
8588 216
8589 1422
8590 7839
8591 6993
8592 9036
8593 1393
8594 4344
8595 35
8596 5827
8597 7455
8598 8218
8599 4274
8600 8003
8601 1420
8602 7558
8603 4198
8604 3084
8605 8340
8606 893
8607 6871
8608 1399
8609 6229
8610 346
8611 1642
8612 7345
8613 2539
8614 8672
8615 3563
8616 5089
8617 6742
8618 2014
8619 325
8620 8349
8621 1377
8622 2079
8623 1534
8624 3693
8625 7248
8626 217
8627 1731
8628 5170
8629 5403
8630 3391
8631 4733
8632 9069
8633 7133
8634 1551
8635 7333
8636 2287
8637 2292
8638 3117
8639 1003
8640 7976
8641 8950
8642 6354
8643 614
8644 7376
8645 5937
8646 1142
8647 3664
8648 3207
8649 2488
8650 3865
8651 8128
8652 2386
8653 7979
8654 7585
8655 6509
8656 6176
8657 9
8658 5192
8659 4826
8660 294
8661 4750
8662 763
8663 3089
8664 567
8665 6136
8666 1889
8667 8092
8668 4877
8669 2298
8670 7290
8671 5100
8672 5985
8673 7509
8674 6081
8675 3159
8676 8366
8677 4613
8678 1547
8679 4964
8680 1837
8681 7018
8682 4099
8683 6502
8684 2101
8685 2030
8686 4055
8687 7791
8688 8245
8689 3752
8690 1954
8691 6947
8692 2414
8693 3348
8694 6662
8695 279
8696 3373
8697 2033
8698 5361
8699 4403
8700 4544
8701 8413
8702 1878
8703 2544
8704 844
8705 3892
8706 8432
8707 2716
8708 3778
8709 7538
8710 6326
8711 6361
8712 5446
8713 8455
8714 7815
8715 3882
8716 326
8717 3628
8718 5284
8719 1074
8720 547
8721 7843
8722 1845
8723 5500
8724 7315
8725 3059
8726 5628
8727 5878
8728 4798
8729 864
8730 6984
8731 7348
8732 5046
8733 37
8734 4009
8735 642
8736 2773
8737 5141
8738 1824
8739 6414
8740 4768
8741 7600
8742 2400
8743 644
8744 6715
8745 6198
8746 4321
8747 4594
8748 5909
8749 3367
8750 2661
8751 3462
8752 609
8753 7604
8754 7827
8755 1892
8756 1895
8757 3603
8758 2427
8759 4441
8760 1696
8761 3362
8762 8941
8763 6102
8764 4493
8765 7368
8766 4111
8767 718
8768 5422
8769 4326
8770 7433
8771 2493
8772 7263
8773 6506
8774 2073
8775 895
8776 3877
8777 6396
8778 1788
8779 1298
8780 15
8781 1960
8782 4066
8783 6558
8784 5275
8785 4059
8786 7998
8787 3200
8788 5338
8789 4080
8790 8842
8791 8815
8792 3681
8793 5374
8794 4886
8795 1057
8796 5671
8797 2446
8798 2491
8799 4049
8800 5020
8801 3805
8802 3910
8803 7901
8804 5317
8805 4072
8806 4828
8807 8520
8808 5158
8809 478
8810 8758
8811 7182
8812 3449
8813 3130
8814 7594
8815 4746
8816 7507
8817 380
8818 1303
8819 8892
8820 8436
8821 3131
8822 90
8823 5320
8824 6838
8825 6134
8826 5927
8827 3911
8828 2714
8829 6719
8830 8492
8831 8255
8832 2684
8833 8154
8834 2845
8835 1708
8836 3872
8837 8963
8838 7762
8839 7435
8840 8702
8841 3592
8842 1908
8843 5067
8844 5519
8845 4508
8846 6985
8847 6122
8848 6606
8849 615
8850 3328
8851 7552
8852 1186
8853 4643
8854 8727
8855 2517
8856 4279
8857 255
8858 6988
8859 3388
8860 3415
8861 8703
8862 1939
8863 2490
8864 4407
8865 1910
8866 290
8867 3286
8868 4961
8869 2304
8870 8127
8871 2477
8872 3952
8873 3372
8874 1929
8875 9136
8876 7801
8877 4439
8878 2969
8879 5249
8880 6615
8881 903
8882 1383
8883 2336
8884 7097
8885 2769
8886 8541
8887 5222
8888 2464
8889 2595
8890 452
8891 7472
8892 863
8893 9101
8894 8478
8895 5461
8896 8671
8897 8596
8898 3648
8899 2087
8900 3504
8901 6592
8902 4669
8903 2309
8904 4318
8905 2795
8906 5337
8907 7052
8908 6932
8909 2619
8910 5643
8911 7017
8912 8302
8913 7880
8914 8773
8915 3689
8916 7081
8917 4710
8918 6892
8919 637
8920 4490
8921 4714
8922 1507
8923 968
8924 4703
8925 6590
8926 7561
8927 2937
8928 8964
8929 5218
8930 4153
8931 8448
8932 7991
8933 5343
8934 5040
8935 2547
8936 6570
8937 7783
8938 8364
8939 7549
8940 4629
8941 6997
8942 164
8943 6090
8944 8751
8945 686
8946 417
8947 847
8948 1046
8949 2069
8950 6433
8951 8526
8952 5766
8953 3074
8954 1936
8955 107
8956 6562
8957 3847
8958 5712
8959 273
8960 8600
8961 3934
8962 3247
8963 5265
8964 2252
8965 2132
8966 8863
8967 2035
8968 7622
8969 3273
8970 2300
8971 7470
8972 3078
8973 7437
8974 3048
8975 229
8976 3687
8977 4996
8978 2109
8979 5904
8980 4970
8981 5128
8982 6683
8983 8221
8984 4102
8985 8514
8986 8946
8987 388
8988 4578
8989 5974
8990 7048
8991 5498
8992 1712
8993 2907
8994 2738
8995 7116
8996 3671
8997 6819
8998 6299
8999 8841
9000 8178
9001 574
9002 7399
9003 2841
9004 4879
9005 4302
9006 3480
9007 7805
9008 6231
9009 8997
9010 5507
9011 8731
9012 2530
9013 1332
9014 4990
9015 989
9016 8690
9017 7525
9018 4046
9019 5495
9020 3494
9021 7389
9022 3597
9023 4623
9024 5595
9025 837
9026 7417
9027 7879
9028 8064
9029 321
9030 1759
9031 475
9032 8837
9033 2451
9034 8939
9035 4851
9036 6935
9037 1938
9038 579
9039 7349
9040 1341
9041 890
9042 2641
9043 8387
9044 1775
9045 4702
9046 5448
9047 1320
9048 5274
9049 8894
9050 7322
9051 1789
9052 6703
9053 3416
9054 8443
9055 5753
9056 1909
9057 8864
9058 3499
9059 4965
9060 8970
9061 1113
9062 2750
9063 8460
9064 538
9065 4152
9066 5476
9067 6578
9068 7944
9069 2635
9070 1179
9071 50
9072 6472
9073 2396
9074 5300
9075 61
9076 485
9077 9090
9078 1905
9079 5188
9080 539
9081 1372
9082 807
9083 4247
9084 1948
9085 1291
9086 434
9087 4899
9088 4085
9089 2645
9090 6979
9091 2103
9092 8406
9093 3091
9094 2401
9095 6250
9096 4907
9097 6918
9098 4260
9099 461
9100 4627
9101 1964
9102 2467
9103 147
9104 4769
9105 1473
9106 4179
9107 939
9108 6171
9109 1041
9110 4277
9111 6465
9112 7687
9113 9085
9114 8532
9115 5732
9116 2791
9117 995
9118 218
9119 2917
9120 4591
9121 2398
9122 3876
9123 797
9124 1893
9125 6700
9126 1725
9127 8972
9128 1101
9129 509
9130 5072
9131 347
9132 934
9133 8056
9134 1711
9135 6905
9136 5897
9137 1417
9138 3087
9139 4284
9140 3838
9141 5378
9142 8183
